0 224.90216064 0.2
10 172.44509888 0.56
20 178.94281006 0.49
30 155.18508911 0.54
40 144.78298950 0.53
50 140.67683411 0.53
60 109.56137085 0.65
70 104.57595062 0.67
80 89.76353455 0.72
90 96.68026733 0.68
100 75.04061890 0.76
110 77.14863586 0.73
120 94.36637878 0.66
130 80.04843903 0.72
140 49.38274002 0.86
150 83.98740387 0.72
160 51.51365662 0.84
170 65.48788452 0.77
180 63.62442780 0.76
190 63.50838470 0.77
200 78.07714081 0.76
210 44.86136246 0.87
220 47.21736908 0.87
230 42.59817886 0.86
240 37.13812256 0.88
250 45.77062225 0.86
260 31.76850891 0.91
270 23.90620422 0.93
280 21.16476631 0.95
290 22.67562866 0.94
300 22.36920547 0.97
310 22.20959663 0.96
320 16.43090439 0.96
330 8.96654892 0.98
340 15.51776218 0.98
350 10.04458904 0.98
360 9.53565121 0.98
370 5.54253197 0.99
380 11.31425858 0.96
390 16.29224205 0.95
400 5.45018196 0.99
410 5.28261232 0.99
420 6.10388231 0.99
430 6.11967278 0.98
440 4.13684416 0.99
450 6.62550354 0.98
460 6.85974598 0.98
470 5.50772619 0.98
480 4.96258974 1
490 5.30872250 0.98
500 2.64575458 1
510 5.31559896 0.99
520 8.66349411 0.98
530 2.62866092 0.99
540 3.24963427 0.99
550 15.89986706 0.99
560 4.28693962 1
570 3.64673638 0.98
580 1.52719045 1
590 1.90291774 1
600 7.46116400 0.97
610 3.11624622 0.99
620 2.94548607 0.99
630 3.40015364 0.99
640 1.05381846 1
650 1.09139645 1
660 3.53406000 0.98
670 1.42888296 0.99
680 2.49228525 0.99
690 2.77573085 0.99
700 4.23368979 0.99
710 0.75931990 1
720 13.79374027 0.99
730 0.75696611 1
740 1.22635913 1
750 2.35473776 0.98
760 2.53387094 0.99
770 2.35389638 0.99
780 1.85011876 0.99
790 3.77290845 0.99
800 13.49247265 0.98
810 1.81954944 0.99
820 0.92976230 1
830 17.50489235 0.98
840 0.25799227 1
850 12.05823040 0.99
860 1.19745541 1
870 0.33827507 1
880 1.29044151 1
890 0.45954162 1
900 1.42508721 0.99
910 0.53053892 1
920 0.31696656 1
930 0.45601746 1
940 0.73489594 1
950 1.29463422 1
960 6.28342867 0.98
970 1.16990209 1
980 0.18330257 1
990 0.51098412 1
1000 5.12249279 0.98
1010 0.84422356 1
1020 0.64574414 1
1030 1.05368888 1
1040 1.40330803 1
1050 3.02102780 0.99
1060 0.75382549 1
1070 2.59898186 0.99
1080 0.10125273 1
1090 0.27288911 1
1100 0.08953815 1
1110 5.92531204 0.99
1120 0.38336989 1
1130 0.34026855 1
1140 0.19012992 1
1150 3.29912853 0.99
1160 2.60207939 0.99
1170 0.38010943 1
1180 0.13344739 1
1190 0.51022607 1
1200 0.17501082 1
1210 0.26650837 1
1220 0.14246699 1
1230 0.28180727 1
1240 0.55947345 1
1250 0.31050846 1
1260 0.50203133 1
1270 0.80874676 1
1280 0.45381233 1
1290 0.37817043 1
1300 5.10846615 0.98
1310 0.77218032 1
1320 0.05074347 1
1330 0.20084272 1
1340 0.36607066 1
1350 0.65879464 1
1360 0.52102923 1
1370 0.60436589 1
1380 2.08558750 1
1390 0.81802458 1
1400 1.94533432 0.99
1410 4.97378492 0.99
1420 0.07444660 1
1430 0.23669827 1
1440 1.83185923 0.99
1450 0.16797112 1
1460 0.02656812 1
1470 0.10685101 1
1480 0.40068501 1
1490 2.59398890 0.99
1500 0.43241414 1
1510 0.29710603 1
1520 0.04158072 1
1530 0.16228807 1
1540 1.04208088 1
1550 2.91487312 0.99
1560 0.86774617 1
1570 0.15279116 1
1580 0.20010285 1
1590 0.03444366 1
1600 0.27147016 1
1610 0.10775544 1
1620 2.17047048 0.99
1630 0.09165148 1
1640 0.25770101 1
1650 0.16813028 1
1660 0.60317206 1
1670 0.53256226 1
1680 0.02962011 1
1690 0.10022315 1
1700 0.34384930 1
1710 0.24018900 1
1720 0.20375647 1
1730 0.12747979 1
1740 0.96059310 1
1750 0.78266197 1
1760 0.15213929 1
1770 0.33196130 1
1780 0.65917742 1
1790 0.95974386 0.99
1800 2.32925773 0.99
1810 0.66757673 1
1820 0.16928796 1
1830 0.37608233 1
1840 0.17772122 1
1850 0.03817976 1
1860 0.33572710 1
1870 1.33654153 0.99
1880 0.25125897 1
1890 0.25844035 1
1900 0.06242356 1
1910 0.06330846 1
1920 0.07664274 1
1930 0.13029933 1
1940 0.00774239 1
1950 0.13553010 1
1960 0.32965627 1
1970 0.02817181 1
1980 0.19962841 1
1990 0.30192351 1
2000 1.42603123 0.99
2010 0.10587344 1
2020 0.02880187 1
2030 0.51222962 1
2040 0.10243669 1
2050 0.22656938 1
2060 0.30532241 1
2070 0.15873915 1
2080 0.10471845 1
2090 0.10080920 1
2100 0.51572549 1
2110 0.01243220 1
2120 0.24566050 1
2130 0.02803723 1
2140 0.18871313 1
2150 0.14207105 1
2160 0.03379724 1
2170 0.05707569 1
2180 0.09850757 1
2190 0.07381661 1
2200 0.20799801 1
2210 1.23962927 1
2220 0.60535127 1
2230 0.02501473 1
2240 0.21999197 1
2250 0.06607768 1
2260 0.02691759 1
2270 0.02183850 1
2280 0.93131924 0.99
2290 0.06835603 1
2300 0.00443205 1
2310 0.06860432 1
2320 6.15669537 0.99
2330 0.02478797 1
2340 0.05439555 1
2350 0.06264099 1
2360 0.06039494 1
2370 0.04375475 1
2380 0.00272677 1
2390 0.01805575 1
2400 0.02184821 1
2410 0.08153054 1
2420 0.07063904 1
2430 0.00954740 1
2440 0.08692542 1
2450 0.02336957 1
2460 0.01899028 1
2470 0.04408526 1
2480 0.02637896 1
2490 0.13852985 1
2500 0.00688950 1
2510 0.06046267 1
2520 0.27350247 1
2530 0.09999688 1
2540 0.03472183 1
2550 0.18288426 1
2560 0.01810535 1
2570 0.03295197 1
2580 0.01220155 1
2590 0.00128308 1
2600 0.03412371 1
2610 0.25986338 1
2620 0.11958024 1
2630 0.00842773 1
2640 0.00150736 1
2650 0.03250036 1
2660 0.01883176 1
2670 0.16817243 1
2680 0.01031737 1
2690 0.00051163 1
2700 0.24539319 1
2710 0.02246076 1
2720 0.00343282 1
2730 0.01185409 1
2740 0.01140327 1
2750 0.03387396 1
2760 0.00424304 1
2770 0.00493379 1
2780 0.20373911 1
2790 0.27597898 1
2800 0.17171749 1
2810 0.04738672 1
2820 0.10145357 1
2830 0.03652703 1
2840 0.08570580 1
2850 0.34836587 1
2860 0.38307106 1
2870 0.04630309 1
2880 0.06269392 1
2890 0.07495222 1
2900 0.01349351 1
2910 0.08016137 1
2920 0.01130355 1
2930 0.02884139 1
2940 0.13089471 1
2950 0.12226231 1
2960 0.20425910 1
2970 0.17710234 1
2980 0.23181538 1
2990 0.03309343 1
3000 0.04448089 1
3010 0.10644655 1
3020 1.04925978 0.99
3030 0.14246997 1
3040 0.02157278 1
3050 0.09073769 1
3060 0.00689627 1
3070 2.02630424 0.99
3080 0.77179992 1
3090 0.21648225 1
3100 0.07574081 1
3110 0.04171563 1
3120 0.03585191 1
3130 0.03387045 1
3140 0.04579096 1
3150 0.04053370 1
3160 0.02460909 1
3170 0.19384214 1
3180 0.01291373 1
3190 0.00298302 1
3200 0.02952460 1
3210 0.00668678 1
3220 0.13102582 1
3230 0.03850712 1
3240 0.02442752 1
3250 0.00359364 1
3260 0.03726790 1
3270 0.39156288 1
3280 0.09169330 1
3290 0.38240078 1
3300 0.20766555 1
3310 0.07228941 1
3320 0.01114761 1
3330 0.31783664 1
3340 0.00979656 1
3350 0.03335039 1
3360 0.00979242 1
3370 0.12624587 1
3380 0.13866778 1
3390 0.03020079 1
3400 0.01246350 1
3410 0.04225076 1
3420 0.10651097 1
3430 0.01347240 1
3440 0.21001391 1
3450 0.25850177 1
3460 0.01317278 1
3470 0.01133905 1
3480 0.00407324 1
3490 0.22094300 1
3500 0.19656524 1
3510 0.00245448 1
3520 0.96785229 0.99
3530 0.01031346 1
3540 0.02002173 1
3550 0.01946401 1
3560 0.00464452 1
3570 0.07101314 1
3580 0.03774959 1
3590 0.00469712 1
3600 0.01183529 1
3610 0.66905457 1
3620 0.00278675 1
3630 0.00777660 1
3640 0.00960428 1
3650 0.02416428 1
3660 0.10549396 1
3670 0.05288300 1
3680 0.02527141 1
3690 0.04481774 1
3700 0.04883191 1
3710 0.46050048 1
3720 0.25172862 1
3730 0.02191161 1
3740 0.07620166 1
3750 0.02342613 1
3760 0.14013468 1
3770 0.01336900 1
3780 0.06293692 1
3790 0.06012391 1
3800 0.06223121 1
3810 0.00598921 1
3820 0.00689427 1
3830 0.02150999 1
3840 0.00764063 1
3850 0.00201962 1
3860 0.06479750 1
3870 0.02008702 1
3880 0.00374283 1
3890 0.00154497 1
3900 0.00556654 1
3910 0.01152043 1
3920 0.00466303 1
3930 0.00872778 1
3940 0.01239540 1
3950 0.08975928 1
3960 0.04546563 1
3970 0.02159958 1
3980 0.07734916 1
3990 0.00444512 1
4000 0.00491161 1
4010 0.16968523 1
4020 0.41571423 1
4030 0.06509373 1
4040 0.00381702 1
4050 0.04029201 1
4060 0.18569201 1
4070 0.13685298 1
4080 0.18077430 1
4090 0.06122785 1
4100 1.08618820 0.99
4110 0.25255322 1
4120 0.00786993 1
4130 0.01712549 1
4140 0.04128499 1
4150 0.00130949 1
4160 0.00720052 1
4170 0.02284623 1
4180 0.09846861 1
4190 0.00264228 1
4200 0.01176369 1
4210 0.00062111 1
4220 0.00812963 1
4230 0.03407431 1
4240 0.18845791 1
4250 0.02055550 1
4260 0.23876682 1
4270 0.01811227 1
4280 0.07708704 1
4290 0.15404558 1
4300 0.10929683 1
4310 0.02247684 1
4320 0.00676047 1
4330 1.10492408 0.99
4340 0.00153750 1
4350 0.03298962 1
4360 0.03001994 1
4370 0.02871699 1
4380 0.14669147 1
4390 0.04573607 1
4400 0.01160694 1
4410 0.08266813 1
4420 0.02957712 1
4430 0.74450988 0.99
4440 0.02240987 1
4450 0.16644418 1
4460 0.06280555 1
4470 0.02123007 1
4480 0.28186357 1
4490 0.61513817 1
4500 0.03836054 1
4510 0.04421088 1
4520 0.71891153 1
4530 0.00673780 1
4540 0.05131336 1
4550 0.03591422 1
4560 0.13268471 1
4570 0.01237568 1
4580 0.02507120 1
4590 0.01192592 1
4600 0.28746808 1
4610 0.00850302 1
4620 0.00386287 1
4630 0.00124201 1
4640 0.01106669 1
4650 0.03533510 1
4660 0.03797942 1
4670 0.00896976 1
4680 0.04062952 1
4690 0.03251653 1
4700 0.02359333 1
4710 0.07919680 1
4720 0.00235777 1
4730 0.04254130 1
4740 0.06886593 1
4750 0.96560800 1
4760 0.00748711 1
4770 0.02298986 1
4780 0.01551884 1
4790 0.04869620 1
4800 0.08399636 1
4810 0.01806056 1
4820 0.00294016 1
4830 0.08451677 1
4840 0.00295140 1
4850 0.02229065 1
4860 0.05196770 1
4870 0.00226221 1
4880 0.01537924 1
4890 0.01083091 1
4900 0.02636737 1
4910 0.00377473 1
4920 0.00848027 1
4930 0.01220788 1
4940 0.00172996 1
4950 0.01933118 1
4960 0.03892859 1
4970 0.00638750 1
4980 0.00163054 1
4990 0.00669288 1
5000 0.00238904 1
5010 0.09565295 1
5020 0.00108935 1
5030 0.00381178 1
5040 0.00063978 1
5050 0.00097894 1
5060 0.00835511 1
5070 0.00461455 1
5080 0.00224444 1
5090 0.00143518 1
5100 0.07176758 1
5110 1.60130382 0.99
5120 4.50623178 0.99
5130 2.30909920 0.99
5140 0.01043650 1
5150 0.00277223 1
5160 0.00723021 1
5170 0.05884573 1
5180 0.00057659 1
5190 0.07304046 1
5200 0.00067054 1
5210 0.00337130 1
5220 0.00084059 1
5230 0.00252637 1
5240 0.00068350 1
5250 0.15327093 1
5260 0.04371201 1
5270 0.00379836 1
5280 0.01512765 1
5290 0.00064317 1
5300 0.04071433 1
5310 0.03055999 1
5320 0.00213412 1
5330 0.00464706 1
5340 0.02366076 1
5350 0.01089214 1
5360 0.00969446 1
5370 0.01020510 1
5380 0.01716591 1
5390 0.07183685 1
5400 0.01783122 1
5410 0.01969618 1
5420 0.02809896 1
5430 0.00640460 1
5440 0.11505424 1
5450 0.00500089 1
5460 0.00779999 1
5470 0.02634595 1
5480 0.24849565 1
5490 0.06735063 1
5500 0.01176206 1
5510 0.01962013 1
5520 0.03735162 1
5530 0.18799305 1
5540 0.06897777 1
5550 0.30628487 1
5560 2.82476139 0.99
5570 0.11001477 1
5580 0.00956418 1
5590 0.06382238 1
5600 0.01548740 1
5610 0.00196536 1
5620 0.07508706 1
5630 0.00010109 1
5640 0.00298485 1
5650 0.02617811 1
5660 0.00840328 1
5670 0.03574454 1
5680 0.00056432 1
5690 0.00630624 1
5700 0.00650905 1
5710 0.03187104 1
5720 0.02234854 1
5730 0.08734142 1
5740 0.02202694 1
5750 0.01040491 1
5760 0.00783371 1
5770 0.01606037 1
5780 0.04771881 1
5790 0.26017290 1
5800 0.40920359 1
5810 0.06927484 1
5820 0.36519507 1
5830 0.01813861 1
5840 0.02337293 1
5850 0.00790192 1
5860 0.00493141 1
5870 0.04916969 1
5880 0.00370193 1
5890 0.06412434 1
5900 0.00284439 1
5910 0.00472217 1
5920 0.06531229 1
5930 0.00089067 1
5940 0.00295205 1
5950 0.00765091 1
5960 0.23170760 1
5970 0.05307223 1
5980 0.00589388 1
5990 0.00035247 1
6000 0.00488553 1
6010 0.76148069 0.99
6020 0.01203927 1
6030 0.00183801 1
6040 0.00849989 1
6050 0.25310460 1
6060 0.27731135 1
6070 0.00786787 1
6080 0.00056783 1
6090 0.08214056 1
6100 0.78049970 1
6110 0.00119868 1
6120 0.22693786 1
6130 0.00225258 1
6140 0.16675791 1
6150 0.00457648 1
6160 0.00118344 1
6170 0.00384748 1
6180 0.00088538 1
6190 0.00515830 1
6200 0.00194133 1
6210 0.00348834 1
6220 0.00048230 1
6230 0.02030118 1
6240 0.00533590 1
6250 0.00022908 1
6260 0.00023540 1
6270 0.00002146 1
6280 0.00031193 1
6290 0.00154616 1
6300 0.00154871 1
6310 0.00081697 1
6320 0.00842815 1
6330 0.00263796 1
6340 0.00427337 1
6350 0.00060411 1
6360 0.00083508 1
6370 0.00097758 1
6380 0.05275425 1
6390 0.00076133 1
6400 0.00516403 1
6410 0.00232170 1
6420 0.01499510 1
6430 0.20885402 1
6440 0.00955235 1
6450 0.00011468 1
6460 0.05298619 1
6470 0.00234211 1
6480 0.33927703 1
6490 0.03859914 1
6500 0.12641767 1
6510 0.02408170 1
6520 0.00147189 1
6530 0.01348927 1
6540 0.00879382 1
6550 0.01100952 1
6560 0.00072125 1
6570 0.00025953 1
6580 0.03188815 1
6590 0.00436086 1
6600 0.09045532 1
6610 0.00736779 1
6620 0.00259570 1
6630 0.00226534 1
6640 0.00941383 1
6650 0.00836953 1
6660 0.00554524 1
6670 0.01171734 1
6680 0.04270262 1
6690 0.00226525 1
6700 0.26529735 1
6710 0.00069927 1
6720 0.00899254 1
6730 0.04582960 1
6740 0.00378231 1
6750 0.34476826 1
6760 0.08941972 1
6770 0.00738666 1
6780 0.00435770 1
6790 0.00494025 1
6800 0.07747483 1
6810 0.00120863 1
6820 0.00121409 1
6830 0.00081125 1
6840 0.00280673 1
6850 0.00145210 1
6860 0.00060478 1
6870 0.00021422 1
6880 0.00017560 1
6890 0.00065343 1
6900 0.00064238 1
6910 0.00550919 1
6920 0.01036811 1
6930 0.00019778 1
6940 0.00130286 1
6950 0.00002170 1
6960 0.00040922 1
6970 0.00057529 1
6980 0.00111153 1
6990 0.00211836 1
7000 0.00908550 1
7010 0.00184558 1
7020 0.00311947 1
7030 0.01164620 1
7040 0.00001860 1
7050 0.00063864 1
7060 2.63792992 0.99
7070 0.00066307 1
7080 0.00313008 1
7090 0.00287182 1
7100 0.00023831 1
7110 0.04391074 1
7120 0.00534915 1
7130 0.00909554 1
7140 0.01143430 1
7150 0.00476108 1
7160 0.01710239 1
7170 0.15474029 1
7180 0.00618397 1
7190 0.00019885 1
7200 0.01221262 1
7210 0.00725167 1
7220 0.00177057 1
7230 0.00148087 1
7240 0.02882997 1
7250 0.00994264 1
7260 0.00106401 1
7270 0.00083484 1
7280 0.00042019 1
7290 0.00248614 1
7300 0.24704292 1
7310 0.00187362 1
7320 0.00869246 1
7330 0.00274235 1
7340 0.06985827 1
7350 0.00559541 1
7360 0.03985826 1
7370 0.00469702 1
7380 0.17273711 1
7390 0.09983688 1
7400 0.04895690 1
7410 0.00745276 1
7420 2.23748112 0.99
7430 0.09326841 1
7440 0.05944128 1
7450 0.05271219 1
7460 0.40931132 1
7470 0.00380463 1
7480 0.08132797 1
7490 0.00299141 1
7500 0.02176489 1
7510 0.00120002 1
7520 0.10957739 1
7530 0.00132365 1
7540 0.04424604 1
7550 0.00294916 1
7560 0.00395998 1
7570 0.00133735 1
7580 0.00963462 1
7590 0.04896865 1
7600 0.01792455 1
7610 0.00160650 1
7620 0.01152458 1
7630 0.00115869 1
7640 2.68084574 0.99
7650 0.04611279 1
7660 0.00292414 1
7670 0.00319299 1
7680 0.00651137 1
7690 0.03409837 1
7700 0.12266704 1
7710 0.01543781 1
7720 0.02488292 1
7730 0.00583213 1
7740 0.01156000 1
7750 0.00197654 1
7760 0.02111693 1
7770 0.00499020 1
7780 0.00651168 1
7790 0.00209901 1
7800 0.18002030 1
7810 0.00795315 1
7820 0.01103606 1
7830 0.04447865 1
7840 0.00831792 1
7850 0.28202647 1
7860 0.08993572 1
7870 0.00674520 1
7880 0.02304902 1
7890 0.05990600 1
7900 0.00135871 1
7910 0.01191691 1
7920 0.00022638 1
7930 0.00041637 1
7940 0.00093235 1
7950 0.01995742 1
7960 0.01258574 1
7970 0.00630976 1
7980 0.00006568 1
7990 0.00484409 1
8000 0.00483347 1
8010 0.00876417 1
8020 0.00080506 1
8030 0.00020660 1
8040 0.00020517 1
8050 0.02198649 1
8060 0.00409630 1
8070 0.00181369 1
8080 0.00219245 1
8090 0.00228876 1
8100 0.00057983 1
8110 0.00001335 1
8120 0.00139910 1
8130 0.00294378 1
8140 0.00017858 1
8150 0.00014985 1
8160 0.00199308 1
8170 0.01188266 1
8180 0.03947466 1
8190 0.08977032 1
8200 0.03876432 1
8210 0.00138031 1
8220 0.22885945 1
8230 0.08835199 1
8240 0.02089966 1
8250 0.18630774 1
8260 0.01222828 1
8270 0.00823787 1
8280 0.01884902 1
8290 0.01347124 1
8300 0.01117019 1
8310 0.00014484 1
8320 0.00093385 1
8330 0.00369160 1
8340 0.01284726 1
8350 0.00152437 1
8360 0.00040230 1
8370 0.00914309 1
8380 0.00292191 1
8390 0.01174159 1
8400 0.06279483 1
8410 0.00238389 1
8420 0.00301903 1
8430 0.23347655 1
8440 0.01963643 1
8450 0.00275284 1
8460 0.00900265 1
8470 0.29914719 1
8480 0.90961170 0.99
8490 0.06025522 1
8500 0.00550629 1
8510 0.18347968 1
8520 0.00416672 1
8530 0.00223335 1
8540 0.00148644 1
8550 0.00384695 1
8560 0.00431993 1
8570 0.00208124 1
8580 0.00009549 1
8590 0.00133615 1
8600 0.00071312 1
8610 0.00032314 1
8620 0.00018907 1
8630 0.00006878 1
8640 0.00037040 1
8650 0.00109561 1
8660 0.00026752 1
8670 0.00759249 1
8680 0.00017083 1
8690 0.08864971 1
8700 0.00450729 1
8710 0.01515928 1
8720 0.73588628 1
8730 0.00130369 1
8740 0.00042929 1
8750 0.00798742 1
8760 0.12142562 1
8770 0.00128909 1
8780 0.00479309 1
8790 0.00016010 1
8800 0.00126383 1
8810 0.00105261 1
8820 0.00034104 1
8830 0.00032256 1
8840 0.06117901 1
8850 0.00245126 1
8860 0.00903791 1
8870 0.00859890 1
8880 0.00469779 1
8890 0.00716302 1
8900 0.00473463 1
8910 0.00127744 1
8920 0.00181285 1
8930 0.00476246 1
8940 0.02214170 1
8950 0.61383784 1
8960 0.03279458 1
8970 0.01016415 1
8980 0.02428312 1
8990 0.02216018 1
9000 0.01418892 1
9010 0.00373722 1
9020 0.00086923 1
9030 0.00037827 1
9040 0.00001800 1
9050 0.00150309 1
9060 0.00303855 1
9070 0.01439973 1
9080 0.24791284 1
9090 0.07881640 1
9100 0.01353334 1
9110 0.00232712 1
9120 0.00217210 1
9130 0.00009990 1
9140 0.01031792 1
9150 0.00093320 1
9160 0.00197629 1
9170 0.00485845 1
9180 0.00569470 1
9190 0.00218460 1
9200 0.00120649 1
9210 0.00430529 1
9220 0.03788139 1
9230 0.00251280 1
9240 0.12320082 1
9250 0.00011385 1
9260 0.00001287 1
9270 0.00103613 1
9280 0.00122288 1
9290 0.00011921 1
9300 0.00112039 1
9310 0.00006223 1
9320 3.70034409 0.99
9330 0.00015975 1
9340 0.00225110 1
9350 0.00043534 1
9360 0.00468287 1
9370 0.00083053 1
9380 0.00025304 1
9390 0.00110699 1
9400 0.00580058 1
9410 0.00186900 1
9420 0.00021947 1
9430 0.00182961 1
9440 0.00037094 1
9450 0.00067907 1
9460 0.00067879 1
9470 0.00013447 1
9480 0.00367393 1
9490 0.00019576 1
9500 0.00030419 1
9510 0.00186664 1
9520 0.00303104 1
9530 0.00028219 1
9540 0.00093001 1
9550 0.00005281 1
9560 0.01198245 1
9570 0.00337327 1
9580 0.00064425 1
9590 0.00084708 1
9600 0.00108518 1
9610 0.00016964 1
9620 0.00013280 1
9630 0.00409452 1
9640 0.00012291 1
9650 0.11568383 1
9660 0.00013733 1
9670 0.01122717 1
9680 0.01891805 1
9690 0.01833528 1
9700 0.00009537 1
9710 0.01579734 1
9720 0.00959980 1
9730 0.01337091 1
9740 0.00075006 1
9750 0.00084171 1
9760 0.00084457 1
9770 0.00074994 1
9780 0.00114232 1
9790 0.00063424 1
9800 0.00007200 1
9810 0.00425589 1
9820 0.00012946 1
9830 0.00010050 1
9840 0.00010348 1
9850 0.00014127 1
9860 0.00105979 1
9870 0.01178059 1
9880 0.00007129 1
9890 0.00077078 1
9900 0.00003040 1
9910 0.00004745 1
9920 0.00062809 1
9930 0.00097976 1
9940 0.00046133 1
9950 0.00001335 1
9960 0.00012804 1
9970 0.00004423 1
9980 0.00240243 1
9990 0.00015450 1
10000 0.00479061 1
10010 0.00042638 1
10020 0.00129759 1
10030 0.00233008 1
10040 0.00100707 1
10050 0.00011838 1
10060 0.00251720 1
10070 0.00172751 1
10080 0.00027737 1
10090 0.00048182 1
10100 0.00001645 1
10110 0.00003159 1
10120 0.70667827 0.99
10130 0.03236093 1
10140 0.01265010 1
10150 0.00153767 1
10160 0.02337618 1
10170 0.00003755 1
10180 0.00288083 1
10190 0.00404647 1
10200 0.02902549 1
10210 0.00348249 1
10220 0.05682074 1
10230 0.02621458 1
10240 0.69605595 1
10250 0.28135973 1
10260 0.00795206 1
10270 0.00520740 1
10280 0.01006550 1
10290 0.03529245 1
10300 0.00223195 1
10310 0.00078487 1
10320 0.02100735 1
10330 0.00153634 1
10340 0.00018574 1
10350 0.00259680 1
10360 0.00506516 1
10370 0.00184825 1
10380 0.00594699 1
10390 0.00164253 1
10400 0.00206128 1
10410 0.00037350 1
10420 0.00068768 1
10430 0.00105739 1
10440 0.00625295 1
10450 0.00129435 1
10460 0.00264511 1
10470 0.01018197 1
10480 0.21016276 1
10490 0.00933972 1
10500 0.04836576 1
10510 0.00439966 1
10520 0.00510100 1
10530 0.00051650 1
10540 0.00172074 1
10550 0.00190648 1
10560 0.00176698 1
10570 0.00041791 1
10580 0.00253363 1
10590 0.00171305 1
10600 0.00057702 1
10610 0.89046746 0.99
10620 0.00216835 1
10630 0.00825617 1
10640 0.00434442 1
10650 0.07031133 1
10660 0.01694110 1
10670 0.02009634 1
10680 0.00169931 1
10690 0.00212615 1
10700 0.00083327 1
10710 0.00160652 1
10720 0.00373015 1
10730 0.01253706 1
10740 0.01353717 1
10750 0.01695598 1
10760 0.00926215 1
10770 0.00194084 1
10780 0.00027539 1
10790 0.00768119 1
10800 0.00093323 1
10810 0.01145742 1
10820 0.00183097 1
10830 0.00146344 1
10840 0.00205396 1
10850 0.00108631 1
10860 0.00028648 1
10870 0.00051789 1
10880 0.00006366 1
10890 0.00100637 1
10900 0.00128380 1
10910 0.00257160 1
10920 0.01204459 1
10930 0.00116158 1
10940 0.00123743 1
10950 0.00157064 1
10960 0.00037071 1
10970 0.00015104 1
10980 0.00230324 1
10990 0.00095741 1
11000 0.01483996 1
11010 0.01989306 1
11020 0.00075420 1
11030 0.00003374 1
11040 0.00083790 1
11050 0.00137144 1
11060 0.00683968 1
11070 0.01565458 1
11080 0.00607980 1
11090 0.01167544 1
11100 0.01854313 1
11110 0.00022090 1
11120 0.00087727 1
11130 0.00011540 1
11140 0.00272143 1
11150 0.00008214 1
11160 0.00013602 1
11170 0.00020929 1
11180 0.00068935 1
11190 0.00386393 1
11200 0.00014627 1
11210 0.00058722 1
11220 0.00031651 1
11230 0.00075504 1
11240 0.00011015 1
11250 4.01876688 0.99
11260 0.00241086 1
11270 0.00014472 1
11280 0.00256532 1
11290 0.00155654 1
11300 0.00005436 1
11310 0.24575673 1
11320 0.00014973 1
11330 0.00016761 1
11340 0.04893446 1
11350 0.00189814 1
11360 0.00053027 1
11370 0.00096290 1
11380 0.08537762 1
11390 0.00288351 1
11400 0.29809967 1
11410 0.00001788 1
11420 0.00248957 1
11430 0.00048470 1
11440 0.00333438 1
11450 0.00016047 1
11460 0.00004721 1
11470 0.00045768 1
11480 0.00014699 1
11490 0.00023862 1
11500 0.00019527 1
11510 0.00259917 1
11520 0.00001156 1
11530 0.85335970 0.99
11540 0.00400585 1
11550 0.02118345 1
11560 0.00307844 1
11570 0.00007653 1
11580 0.00151803 1
11590 0.00003135 1
11600 0.00001574 1
11610 0.00124414 1
11620 0.34882802 1
11630 0.00007045 1
11640 0.00062369 1
11650 0.00491226 1
11660 0.00510265 1
11670 0.00197767 1
11680 0.00059662 1
11690 0.00001812 1
11700 0.00001693 1
11710 5.98762131 0.99
11720 0.00500020 1
11730 0.00016416 1
11740 0.00323820 1
11750 0.00323226 1
11760 0.00060008 1
11770 0.00026418 1
11780 0.00019265 1
11790 0.01231132 1
11800 0.00067163 1
11810 0.00045924 1
11820 0.00009561 1
11830 0.00089903 1
11840 0.00039854 1
11850 0.26260954 1
11860 0.01911752 1
11870 0.01045939 1
11880 0.00138894 1
11890 0.01439456 1
11900 0.00061893 1
11910 0.00724150 1
11920 0.01252146 1
11930 0.00007355 1
11940 0.00450168 1
11950 0.00431255 1
11960 0.01168277 1
11970 0.10385819 1
11980 0.00253469 1
11990 0.68935722 1
12000 0.00655787 1
12010 1.85510218 0.99
12020 0.03218684 1
12030 0.11938914 1
12040 0.00711341 1
12050 0.00633163 1
12060 0.00134946 1
12070 0.00365790 1
12080 0.00667654 1
12090 0.02089008 1
12100 0.01437998 1
12110 0.00338547 1
12120 0.04153617 1
12130 0.00942973 1
12140 0.03418003 1
12150 0.00327069 1
12160 0.00096620 1
12170 0.00460579 1
12180 0.00132514 1
12190 0.00048470 1
12200 0.00177923 1
12210 0.00452502 1
12220 0.00133160 1
12230 0.00012672 1
12240 0.03813428 1
12250 0.00038991 1
12260 0.00132984 1
12270 0.00052398 1
12280 0.00259206 1
12290 0.00194406 1
12300 0.00095087 1
12310 0.00205635 1
12320 0.00032533 1
12330 0.01656185 1
12340 0.00823273 1
12350 0.00042746 1
12360 0.00016928 1
12370 0.00518627 1
12380 0.00188921 1
12390 0.00047961 1
12400 0.00019468 1
12410 0.00050599 1
12420 0.00013662 1
12430 0.00070523 1
12440 0.01168497 1
12450 0.00229705 1
12460 0.00140616 1
12470 0.00133487 1
12480 0.00032445 1
12490 0.00006914 1
12500 0.00063974 1
12510 0.00172459 1
12520 0.00210903 1
12530 0.00011385 1
12540 0.00213795 1
12550 0.02748132 1
12560 0.00042817 1
12570 0.00403143 1
12580 0.00027545 1
12590 0.00014890 1
12600 0.00011373 1
12610 0.00225889 1
12620 0.00062485 1
12630 0.00043740 1
12640 0.00095712 1
12650 0.00022753 1
12660 0.00002766 1
12670 0.00042122 1
12680 0.00002337 1
12690 0.00035816 1
12700 0.00112443 1
12710 0.00031222 1
12720 0.00021740 1
12730 0.00035705 1
12740 0.00076335 1
12750 0.00188679 1
12760 0.00091236 1
12770 0.00022718 1
12780 0.00026878 1
12790 0.00024982 1
12800 0.00460270 1
12810 0.01214551 1
12820 0.00195972 1
12830 0.00936280 1
12840 0.00023389 1
12850 0.00189993 1
12860 0.00002050 1
12870 0.00028369 1
12880 0.00173567 1
12890 0.00014174 1
12900 0.13772160 1
12910 0.00005055 1
12920 0.00205582 1
12930 0.00411014 1
12940 0.00002968 1
12950 0.00504350 1
12960 0.00018312 1
12970 0.00002182 1
12980 0.00614205 1
12990 0.00279846 1
13000 0.00006402 1
13010 0.00017072 1
13020 0.00267446 1
13030 0.00007141 1
13040 0.00046434 1
13050 0.01965117 1
13060 0.32309765 1
13070 0.00169615 1
13080 0.00502715 1
13090 0.00410349 1
13100 0.00534585 1
13110 0.00193767 1
13120 0.00373406 1
13130 0.00303500 1
13140 0.00234074 1
13150 0.00250065 1
13160 0.00042216 1
13170 0.00822843 1
13180 0.00040957 1
13190 0.00145297 1
13200 0.00008834 1
13210 0.11817674 1
13220 0.00671283 1
13230 0.00010836 1
13240 0.00000262 1
13250 0.00014854 1
13260 0.09887481 1
13270 0.00415677 1
13280 0.01004752 1
13290 0.00250652 1
13300 0.03919714 1
13310 0.00138828 1
13320 0.00219486 1
13330 0.01239384 1
13340 0.00010932 1
13350 0.00461471 1
13360 0.00120334 1
13370 0.01100487 1
13380 0.00030562 1
13390 0.00050473 1
13400 0.00104563 1
13410 0.00015474 1
13420 0.00031016 1
13430 0.00117796 1
