0 204.36656189 0.54
10 164.60118103 0.59
20 160.84286499 0.58
30 173.71418762 0.47
40 173.54885864 0.46
50 135.94854736 0.62
60 110.72506714 0.67
70 91.34151459 0.74
80 113.16999817 0.61
90 95.11663055 0.67
100 68.83755493 0.8
110 76.08885956 0.76
120 66.31988525 0.8
130 56.73555756 0.84
140 61.69910431 0.83
150 77.35777283 0.79
160 52.65431213 0.84
170 32.03619385 0.93
180 39.92784119 0.88
190 42.38093948 0.9
200 26.11558151 0.94
210 31.09485245 0.93
220 27.25729370 0.91
230 29.33167267 0.94
240 24.52307129 0.91
250 25.27885818 0.94
260 16.36529922 0.98
270 13.12835884 0.95
280 7.49098635 0.98
290 17.71308517 0.95
300 25.10111809 0.94
310 10.46753693 0.97
320 12.29871178 0.97
330 6.65946531 0.99
340 12.33260441 0.96
350 11.02758789 0.97
360 10.07276154 0.96
370 16.15264893 0.95
380 8.72920322 1
390 15.74235439 0.98
400 4.75859213 0.99
410 9.62060928 0.98
420 7.17979002 0.98
430 7.66134119 0.98
440 7.23219156 0.97
450 6.81391811 0.99
460 5.79788256 0.99
470 3.80599046 1
480 2.96561503 0.99
490 8.83334064 0.97
500 4.52427197 0.99
510 1.60394073 0.99
520 4.26608133 0.99
530 5.90766335 0.99
540 5.10256577 0.99
550 0.29945022 1
560 1.51836276 1
570 2.01952553 1
580 4.40063763 0.98
590 0.98859113 1
600 0.79035085 1
610 0.51704770 1
620 4.78376627 0.99
630 1.40683043 1
640 3.29158258 0.98
650 1.78496265 1
660 4.59790230 0.98
670 0.59535193 1
680 2.48787999 1
690 0.90429604 1
700 1.15214324 1
710 0.82102489 1
720 0.89147860 1
730 2.24823260 0.99
740 2.42243052 1
750 0.50912344 1
760 0.75125527 1
770 2.04165840 0.99
780 1.47186744 1
790 1.86963606 1
800 0.75696468 1
810 0.83604133 1
820 0.39037248 1
830 0.53854620 1
840 3.89701819 0.99
850 2.27749348 1
860 0.37720510 1
870 1.30358171 0.99
880 0.32405287 1
890 1.26448953 1
900 2.55271912 0.99
910 1.53600883 1
920 1.00286019 1
930 16.48027229 0.98
940 0.37268144 1
950 7.82929659 0.98
960 0.51497501 1
970 1.57200432 1
980 0.91432416 1
990 0.12795655 1
1000 1.45948958 1
1010 1.45745158 0.99
1020 1.23476851 0.99
1030 0.27050459 1
1040 0.08909059 1
1050 0.11702425 1
1060 5.77159739 0.98
1070 3.35021091 0.98
1080 0.51224965 1
1090 1.80698311 0.99
1100 1.69485795 0.99
1110 0.33524945 1
1120 0.22261262 1
1130 0.74753386 1
1140 0.42291996 1
1150 0.21081097 1
1160 0.08932650 1
1170 2.49651480 0.99
1180 0.17244647 1
1190 0.11916122 1
1200 2.72551060 0.99
1210 3.71302867 0.99
1220 0.07846783 1
1230 0.58021206 1
1240 0.10049228 1
1250 0.12751010 1
1260 1.21028757 1
1270 2.69563484 0.99
1280 0.39044178 1
1290 0.47228435 1
1300 0.67415792 1
1310 0.27266642 1
1320 0.01850866 1
1330 0.69806391 1
1340 0.23415078 1
1350 0.06889022 1
1360 0.27443862 1
1370 12.72369289 0.99
1380 0.08997662 1
1390 3.56357598 0.99
1400 0.73349142 1
1410 0.12525803 1
1420 3.59085727 0.99
1430 0.17716613 1
1440 0.43057826 1
1450 4.97880316 0.99
1460 0.15202099 1
1470 0.28857774 1
1480 0.16951740 1
1490 0.42375004 1
1500 0.03782275 1
1510 0.21785989 1
1520 0.34483683 1
1530 0.08153799 1
1540 0.05430908 1
1550 0.31885067 1
1560 0.19504777 1
1570 0.06775072 1
1580 0.28062633 1
1590 4.67692852 0.99
1600 2.18398976 0.99
1610 0.22496724 1
1620 4.05061626 0.98
1630 5.49389887 0.98
1640 5.64421415 0.98
1650 2.05464053 0.99
1660 0.65055388 1
1670 0.03883272 1
1680 1.76876533 0.99
1690 0.08121265 1
1700 0.03921664 1
1710 0.21430309 1
1720 0.01724650 1
1730 0.12467347 1
1740 0.37765890 1
1750 1.42923594 0.99
1760 0.34924442 1
1770 0.32282826 1
1780 0.11961637 1
1790 0.04457377 1
1800 0.05572668 1
1810 0.42314819 1
1820 4.06718922 0.99
1830 0.35684770 1
1840 0.11124028 1
1850 0.34888425 1
1860 0.16143501 1
1870 0.38314751 1
1880 0.06151779 1
1890 0.04848579 1
1900 1.08094835 1
1910 1.50443959 0.99
1920 0.10674395 1
1930 0.01323549 1
1940 0.01579941 1
1950 0.17053007 1
1960 0.01432156 1
1970 0.11662380 1
1980 0.19700788 1
1990 0.14574321 1
2000 0.05151672 1
2010 0.03791387 1
2020 0.01462844 1
2030 0.22954328 1
2040 0.05701145 1
2050 0.01614132 1
2060 0.00374670 1
2070 0.11078823 1
2080 0.05338649 1
2090 0.02341243 1
2100 0.21510480 1
2110 0.66717082 1
2120 0.00994929 1
2130 0.06644795 1
2140 0.06299447 1
2150 0.19454402 1
2160 0.07213946 1
2170 0.09675241 1
2180 0.59934729 1
2190 0.02126216 1
2200 0.19185631 1
2210 0.55921400 1
2220 0.05521695 1
2230 0.26314980 1
2240 0.05111435 1
2250 0.59304512 1
2260 1.44449246 1
2270 0.16298619 1
2280 1.00782168 0.99
2290 0.04193703 1
2300 0.75630492 1
2310 0.06756103 1
2320 0.06606427 1
2330 0.00513621 1
2340 0.04795104 1
2350 0.06427640 1
2360 0.01161731 1
2370 0.06950682 1
2380 0.06843028 1
2390 0.31114218 1
2400 0.00497140 1
2410 0.01209228 1
2420 0.26399472 1
2430 0.06852552 1
2440 0.80379969 0.99
2450 0.06962228 1
2460 0.13839681 1
2470 0.03534316 1
2480 0.09328476 1
2490 5.28640127 0.99
2500 0.25386229 1
2510 0.01547014 1
2520 0.34883839 1
2530 0.03121160 1
2540 0.00769772 1
2550 0.01512947 1
2560 0.00765274 1
2570 0.01219235 1
2580 0.00832041 1
2590 0.01939323 1
2600 0.00904083 1
2610 0.02940959 1
2620 0.03864936 1
2630 0.29348159 1
2640 0.24939716 1
2650 0.13861912 1
2660 0.21115884 1
2670 0.02553616 1
2680 0.00209009 1
2690 0.04569574 1
2700 0.03319642 1
2710 0.04246042 1
2720 0.07377545 1
2730 0.02461265 1
2740 0.01948003 1
2750 0.27047825 1
2760 0.03291856 1
2770 0.04755606 1
2780 0.11406214 1
2790 0.05908008 1
2800 0.03761387 1
2810 0.07255878 1
2820 0.52179331 1
2830 0.03095263 1
2840 1.69271636 0.99
2850 0.02831710 1
2860 0.29539192 1
2870 0.11817305 1
2880 0.01549577 1
2890 0.26070219 1
2900 0.32428962 1
2910 0.02222827 1
2920 0.01249060 1
2930 0.18806785 1
2940 3.71308875 0.99
2950 0.01894089 1
2960 0.00760602 1
2970 0.27858737 1
2980 0.00535849 1
2990 0.01709434 1
3000 0.09740502 1
3010 0.04361157 1
3020 0.08309396 1
3030 0.22075339 1
3040 0.12627894 1
3050 0.06883388 1
3060 0.01218574 1
3070 0.05477127 1
3080 0.10423726 1
3090 8.22138309 0.99
3100 0.61972898 1
3110 0.11012408 1
3120 2.68664026 0.99
3130 0.27310979 1
3140 0.15381290 1
3150 0.02389469 1
3160 3.36562204 0.99
3170 0.02320097 1
3180 0.01020497 1
3190 0.40310496 1
3200 0.01049406 1
3210 0.03406800 1
3220 0.01200231 1
3230 0.01417557 1
3240 0.00201134 1
3250 0.07204942 1
3260 0.14392412 1
3270 1.05522263 1
3280 0.16105744 1
3290 0.01404968 1
3300 1.51529074 1
3310 0.17700571 1
3320 0.03386702 1
3330 0.00955690 1
3340 4.20510101 0.99
3350 0.04542950 1
3360 0.01506859 1
3370 0.14267404 1
3380 0.00415905 1
3390 2.06126809 0.99
3400 0.13426176 1
3410 0.00764253 1
3420 0.20155588 1
3430 0.29226345 1
3440 0.13368638 1
3450 0.10453837 1
3460 0.11121251 1
3470 0.02602313 1
3480 0.00950275 1
3490 0.05806577 1
3500 0.01174921 1
3510 0.01898447 1
3520 0.02791188 1
3530 0.00684895 1
3540 0.00325295 1
3550 0.21754730 1
3560 0.01031105 1
3570 0.00828437 1
3580 0.14364937 1
3590 0.03396147 1
3600 0.03210109 1
3610 0.00723664 1
3620 0.00081707 1
3630 0.41838694 1
3640 0.01386884 1
3650 0.14920151 1
3660 0.04384952 1
3670 0.22634132 1
3680 0.04302497 1
3690 0.01514864 1
3700 0.07057945 1
3710 1.23503649 0.99
3720 0.09611537 1
3730 0.01719722 1
3740 0.01743990 1
3750 0.10303622 1
3760 0.02713389 1
3770 0.10014233 1
3780 0.02038793 1
3790 0.01366548 1
3800 0.00432939 1
3810 0.00792466 1
3820 0.19179659 1
3830 0.01463876 1
3840 0.26923293 1
3850 0.04900654 1
3860 0.06675213 1
3870 1.17218840 0.99
3880 0.13855708 1
3890 0.00210692 1
3900 0.00472981 1
3910 0.00149894 1
3920 0.00166972 1
3930 0.02272158 1
3940 0.01089545 1
3950 0.00124999 1
3960 0.00663358 1
3970 0.02082021 1
3980 0.05238498 1
3990 0.03024158 1
4000 0.00631986 1
4010 0.21017465 1
4020 0.00676254 1
4030 0.51738155 1
4040 0.00652650 1
4050 0.14409627 1
4060 1.49708581 0.99
4070 0.00425984 1
4080 0.22563039 1
4090 0.04833755 1
4100 1.44276178 0.99
4110 0.05488425 1
4120 0.02732995 1
4130 0.14303431 1
4140 0.06479890 1
4150 0.01819928 1
4160 0.00915310 1
4170 0.00790442 1
4180 0.01000141 1
4190 0.12168193 1
4200 0.06348046 1
4210 0.00224377 1
4220 0.04254241 1
4230 0.09944604 1
4240 0.53731722 1
4250 0.00662540 1
4260 0.00680190 1
4270 0.01280370 1
4280 0.00792420 1
4290 0.00563572 1
4300 0.08477066 1
4310 0.02784316 1
4320 0.07301346 1
4330 0.01555046 1
4340 0.00907915 1
4350 0.00454669 1
4360 0.05895926 1
4370 0.00157563 1
4380 0.06514321 1
4390 0.02429920 1
4400 0.04124492 1
4410 0.00216115 1
4420 0.02135078 1
4430 0.00863532 1
4440 0.00129835 1
4450 1.08014202 0.99
4460 0.08803481 1
4470 1.18713224 0.99
4480 0.21541910 1
4490 0.05005877 1
4500 0.05948391 1
4510 0.02430714 1
4520 0.01321680 1
4530 0.00328018 1
4540 0.27212566 1
4550 0.00063835 1
4560 0.01138689 1
4570 0.14678866 1
4580 0.13598283 1
4590 0.03806320 1
4600 0.02901707 1
4610 0.01163142 1
4620 0.28613859 1
4630 0.04126986 1
4640 0.09200046 1
4650 2.44130754 0.99
4660 0.06950798 1
4670 0.01418612 1
4680 0.19031946 1
4690 0.02094780 1
4700 0.00646295 1
4710 0.01680704 1
4720 0.00555152 1
4730 0.00716171 1
4740 0.00462466 1
4750 0.03866528 1
4760 0.01216943 1
4770 0.01050594 1
4780 4.56195211 0.99
4790 0.07602798 1
4800 0.05311846 1
4810 0.05702144 1
4820 0.00755516 1
4830 0.00665177 1
4840 0.00729142 1
4850 0.00329208 1
4860 0.00867062 1
4870 0.01603258 1
4880 0.60293376 1
4890 0.00182458 1
4900 0.11554695 1
4910 2.22654629 0.99
4920 0.00203437 1
4930 0.00330107 1
4940 0.24469478 1
4950 0.02080458 1
4960 0.03194179 1
4970 0.05953730 1
4980 0.01030513 1
4990 0.00647173 1
5000 0.39207748 1
5010 0.00389280 1
5020 0.09044307 1
5030 0.02185031 1
5040 0.03405426 1
5050 0.00453401 1
5060 0.10797227 1
5070 0.02414698 1
5080 0.00014246 1
5090 0.00236263 1
5100 0.00562469 1
5110 0.01002070 1
5120 0.02877930 1
5130 0.02960504 1
5140 0.08752360 1
5150 0.00601303 1
5160 0.00308068 1
5170 0.01018035 1
5180 0.00169983 1
5190 0.00785933 1
5200 0.00231535 1
5210 0.01294575 1
5220 0.03378805 1
5230 0.01333932 1
5240 0.17237531 1
5250 0.14436926 1
5260 0.00797692 1
5270 0.00029978 1
5280 0.00939487 1
5290 0.00025059 1
5300 0.01499674 1
5310 0.01143080 1
5320 0.00320835 1
5330 0.02200624 1
5340 0.00071349 1
5350 0.00246740 1
5360 0.00433525 1
5370 0.00159899 1
5380 0.00054218 1
5390 0.00094275 1
5400 0.00291341 1
5410 0.00330215 1
5420 0.00108315 1
5430 0.02093414 1
5440 1.16752863 0.99
5450 0.02750780 1
5460 0.01053526 1
5470 0.03682328 1
5480 0.13007571 1
5490 0.01176030 1
5500 0.48134273 1
5510 0.04031938 1
5520 0.01673878 1
5530 0.57369828 1
5540 0.01422773 1
5550 0.01591829 1
5560 0.01234281 1
5570 0.00224832 1
5580 0.04573733 1
5590 0.01612876 1
5600 0.03643638 1
5610 0.00592880 1
5620 0.86853844 0.99
5630 0.06696053 1
5640 0.00172241 1
5650 0.00311775 1
5660 0.01718174 1
5670 0.01145478 1
5680 0.00563334 1
5690 0.01506137 1
5700 0.63390607 1
5710 0.00929539 1
5720 0.00509045 1
5730 0.00173875 1
5740 0.01169963 1
5750 0.00368576 1
5760 0.02735604 1
5770 0.07136711 1
5780 0.00638210 1
5790 0.04230641 1
5800 0.04156788 1
5810 0.02717648 1
5820 2.49483657 0.99
5830 0.00913952 1
5840 0.05302587 1
5850 0.00683631 1
5860 0.12758902 1
5870 0.00615012 1
5880 0.00534304 1
5890 0.00939810 1
5900 1.62812924 0.99
5910 0.01298619 1
5920 0.00117821 1
5930 0.00538810 1
5940 0.01120931 1
5950 0.00034936 1
5960 0.00962629 1
5970 0.03759404 1
5980 0.00854438 1
5990 0.04163919 1
6000 0.00064693 1
6010 0.01375451 1
6020 0.00786701 1
6030 0.07865049 1
6040 0.00591343 1
6050 0.00413485 1
6060 0.00064879 1
6070 0.01742700 1
6080 0.26200953 1
6090 0.03599791 1
6100 0.00042591 1
6110 0.00603206 1
6120 0.00551512 1
6130 0.00079140 1
6140 0.00285483 1
6150 0.00386613 1
6160 0.00244534 1
6170 0.02781093 1
6180 0.02340698 1
6190 0.03338943 1
6200 0.17677955 1
6210 0.05533281 1
6220 0.00235123 1
6230 0.02877048 1
6240 0.00369811 1
6250 0.18454117 1
6260 0.02368730 1
6270 0.01432175 1
6280 0.00103116 1
6290 0.18147892 1
6300 0.00190615 1
6310 0.00252312 1
6320 0.00098805 1
6330 0.01604505 1
6340 0.01708136 1
6350 0.07304689 1
6360 0.01565008 1
6370 0.01045102 1
6380 0.06233428 1
6390 0.00664287 1
6400 0.01290688 1
6410 0.03852954 1
6420 0.01848696 1
6430 0.01430208 1
6440 0.01466619 1
6450 0.01770215 1
6460 0.15158160 1
6470 3.45820069 0.99
6480 0.00213476 1
6490 0.01030034 1
6500 0.00207267 1
6510 0.02430760 1
6520 0.00925518 1
6530 0.00294507 1
6540 0.85547900 1
6550 0.00943325 1
6560 0.00579902 1
6570 0.00116639 1
6580 0.00841254 1
6590 0.02440040 1
6600 0.02682192 1
6610 0.02385068 1
6620 0.00282771 1
6630 0.01616431 1
6640 0.00034651 1
6650 0.00465900 1
6660 0.00050305 1
6670 0.01871281 1
6680 0.00025095 1
6690 0.02972020 1
6700 0.00004876 1
6710 0.00717461 1
6720 0.00029863 1
6730 0.01087717 1
6740 0.00066208 1
6750 0.00264886 1
6760 0.00015772 1
6770 0.00029923 1
6780 0.00028082 1
6790 0.00004542 1
6800 0.00172845 1
6810 0.00533326 1
6820 0.00091335 1
6830 0.00059468 1
6840 0.00009549 1
6850 0.01987875 1
6860 0.00122920 1
6870 0.00091511 1
6880 0.01949167 1
6890 0.00050686 1
6900 0.00471456 1
6910 0.00206419 1
6920 0.00079538 1
6930 0.00400646 1
6940 0.00112016 1
6950 0.01232493 1
6960 0.01173858 1
6970 0.00765285 1
6980 0.00063229 1
6990 0.01714700 1
7000 0.02598801 1
7010 0.00281223 1
7020 0.01630924 1
7030 0.00121912 1
7040 0.00085602 1
7050 0.40580904 1
7060 0.06078449 1
7070 0.00283705 1
7080 0.01941240 1
7090 0.00258707 1
7100 0.00467816 1
7110 0.00053320 1
7120 0.00174262 1
7130 0.00077214 1
7140 0.00560052 1
7150 0.16863069 1
7160 0.00164772 1
7170 0.00198323 1
7180 0.00566176 1
7190 0.02368256 1
7200 0.00609960 1
7210 0.00105284 1
7220 0.00102063 1
7230 0.00133489 1
7240 0.00045048 1
7250 0.05984800 1
7260 0.24489886 1
7270 0.00028302 1
7280 0.00191668 1
7290 0.06505457 1
7300 0.01875573 1
7310 0.00585555 1
7320 3.49346828 0.99
7330 0.01412547 1
7340 0.00756044 1
7350 0.06602689 1
7360 0.00628408 1
7370 0.09124282 1
7380 0.01306260 1
7390 0.04848568 1
7400 0.00661425 1
7410 0.03194406 1
7420 0.00201662 1
7430 1.25972259 0.99
7440 0.08740779 1
7450 0.00232526 1
7460 0.46575710 1
7470 0.00013388 1
7480 0.02157095 1
7490 0.00669422 1
7500 0.00334699 1
7510 0.01106409 1
7520 0.00632809 1
7530 0.04050139 1
7540 0.63950205 1
7550 0.00407267 1
7560 0.01049623 1
7570 0.00934145 1
7580 0.00385912 1
7590 0.03753281 1
7600 0.01635451 1
7610 0.01019287 1
7620 0.00069265 1
7630 0.01249894 1
7640 0.00213969 1
7650 0.05856865 1
7660 0.00945736 1
7670 0.04848137 1
7680 0.21954903 1
7690 0.08340226 1
7700 0.48796582 1
7710 0.01706233 1
7720 0.00165151 1
7730 0.01197693 1
7740 0.00125181 1
7750 0.02357521 1
7760 0.01584680 1
7770 0.00705738 1
7780 0.00321397 1
7790 0.00013554 1
7800 0.05585317 1
7810 0.07031649 1
7820 0.00106505 1
7830 0.00009394 1
7840 0.00015533 1
7850 0.00023259 1
7860 0.00648370 1
7870 0.00497999 1
7880 0.02187341 1
7890 0.00477468 1
7900 0.02456903 1
7910 0.00152236 1
7920 0.00013483 1
7930 0.05866993 1
7940 0.00027098 1
7950 0.00305976 1
7960 0.04280371 1
7970 0.00140178 1
7980 0.00115338 1
7990 0.00183846 1
8000 0.00197641 1
8010 0.00064329 1
8020 0.00037807 1
8030 0.00305483 1
8040 0.00022150 1
8050 0.00005555 1
8060 0.00313291 1
8070 0.00283343 1
8080 0.00636218 1
8090 0.01442715 1
8100 0.00064694 1
8110 0.00176419 1
8120 0.02841692 1
8130 0.00870057 1
8140 0.00045888 1
8150 0.02209340 1
8160 0.00009298 1
8170 0.04270056 1
8180 0.00004864 1
8190 0.00031616 1
8200 0.00198982 1
8210 0.00196845 1
8220 0.00218892 1
8230 0.00023533 1
8240 0.00038681 1
8250 0.00329713 1
8260 0.00794665 1
8270 0.00194938 1
8280 0.19906193 1
8290 0.07131083 1
8300 0.00484849 1
8310 0.00384332 1
8320 0.00081130 1
8330 0.00660380 1
8340 0.00351970 1
8350 0.00058818 1
8360 0.00046727 1
8370 0.00246089 1
8380 0.00029430 1
8390 0.00074462 1
8400 0.01611779 1
8410 0.00986276 1
8420 0.01003020 1
8430 0.00772459 1
8440 0.00257248 1
8450 0.00496890 1
8460 0.00133578 1
8470 0.00147020 1
8480 0.00311423 1
8490 0.00007737 1
8500 0.00162281 1
8510 0.00069653 1
8520 0.00279255 1
8530 0.00033309 1
8540 0.00108705 1
8550 0.09484158 1
8560 0.00018430 1
8570 0.01352226 1
8580 0.06963710 1
8590 0.03126910 1
8600 0.00024618 1
8610 0.00098297 1
8620 0.00026823 1
8630 0.00007141 1
8640 0.00023402 1
8650 0.00054328 1
8660 0.00292410 1
8670 0.00095276 1
8680 0.03161237 1
8690 0.00012291 1
8700 0.00178946 1
8710 0.00028170 1
8720 0.00072589 1
8730 0.00092476 1
8740 0.00802755 1
8750 0.00236544 1
8760 0.01674400 1
8770 0.00666828 1
8780 0.07278036 1
8790 0.02674478 1
8800 0.00196539 1
8810 0.00207800 1
8820 0.00072495 1
8830 0.00097060 1
8840 0.00148812 1
8850 0.00148582 1
8860 0.00264670 1
8870 0.00062226 1
8880 0.05607976 1
8890 0.00062030 1
8900 0.00242711 1
8910 0.00154433 1
8920 0.01189056 1
8930 0.00431871 1
8940 0.08723938 1
8950 0.00232018 1
8960 0.00861276 1
8970 0.00440698 1
8980 0.00059790 1
8990 0.00072274 1
9000 0.00184252 1
9010 0.00189886 1
9020 0.00104883 1
9030 0.00089299 1
9040 0.00193482 1
9050 0.00147417 1
9060 0.00055104 1
9070 0.00117809 1
9080 0.00003290 1
9090 0.00009024 1
9100 0.00672143 1
9110 0.04765356 1
9120 0.00554027 1
9130 0.02211533 1
9140 0.09377826 1
9150 0.00157441 1
9160 0.00946758 1
9170 0.00041451 1
9180 0.00003207 1
9190 0.00163844 1
9200 0.00025471 1
9210 0.00005376 1
9220 0.00115782 1
9230 0.00149352 1
9240 0.00568829 1
9250 0.00014508 1
9260 0.00213604 1
9270 0.00033654 1
9280 0.05585720 1
9290 0.00034561 1
9300 0.00012780 1
9310 0.00046764 1
9320 0.00001848 1
9330 0.00049428 1
9340 0.00003374 1
9350 0.06034822 1
9360 0.00021609 1
9370 0.00800220 1
9380 0.00325053 1
9390 0.00113987 1
9400 0.40187687 1
9410 0.00010491 1
9420 0.26174438 1
9430 0.01150650 1
9440 0.00268282 1
9450 0.00783635 1
9460 0.00001585 1
9470 0.00019062 1
9480 0.01074339 1
9490 0.76746428 0.99
9500 0.02247216 1
9510 0.00873837 1
9520 0.00046308 1
9530 4.55891085 0.99
9540 0.72402102 0.99
9550 0.00032200 1
9560 0.00119667 1
9570 0.05468196 1
9580 0.00212753 1
9590 0.14103721 1
9600 0.03436213 1
9610 0.02472160 1
9620 0.15447852 1
9630 0.00435488 1
9640 0.02091345 1
9650 0.02415295 1
9660 0.03423869 1
9670 0.00122077 1
9680 0.02181518 1
9690 0.00590337 1
9700 0.03881479 1
9710 0.26385984 1
9720 0.00620395 1
9730 0.00166404 1
9740 0.02358332 1
9750 0.01612138 1
9760 0.01397788 1
9770 0.01341651 1
9780 0.02245005 1
9790 0.01439356 1
9800 0.04742689 1
9810 0.00019229 1
9820 0.00130533 1
9830 0.00186781 1
9840 0.04011584 1
9850 0.04995129 1
9860 0.00683000 1
9870 0.02587187 1
9880 0.00037919 1
9890 0.02271006 1
9900 0.00642625 1
9910 0.09174170 1
9920 0.02048871 1
9930 0.00092229 1
9940 0.00030901 1
9950 0.28910527 1
9960 0.00640282 1
9970 0.00191435 1
9980 0.00126579 1
9990 0.00462527 1
10000 0.00008369 1
10010 0.00131262 1
10020 0.08087314 1
10030 0.00315548 1
10040 0.00199200 1
10050 0.00205109 1
10060 0.00386264 1
10070 0.03299918 1
10080 0.00123335 1
10090 0.00050377 1
10100 0.11906579 1
10110 0.08371279 1
10120 0.01533542 1
10130 0.00087370 1
10140 0.00046165 1
10150 0.00110637 1
10160 0.00021291 1
10170 0.03075755 1
10180 0.01475998 1
10190 0.00318860 1
10200 0.00077701 1
10210 0.00481686 1
10220 0.00176488 1
10230 0.04069859 1
10240 0.00958421 1
10250 0.01943356 1
10260 0.02060967 1
10270 0.00032474 1
10280 0.00685319 1
10290 0.00003421 1
10300 0.04210636 1
10310 0.02331175 1
10320 0.00052413 1
10330 0.00027301 1
10340 0.00020422 1
10350 0.00349891 1
10360 0.01292917 1
10370 0.03898409 1
10380 0.00056706 1
10390 0.00691314 1
10400 0.00064505 1
10410 0.00659536 1
10420 0.01001799 1
10430 0.00178405 1
10440 0.00178751 1
10450 0.00036575 1
10460 0.00010646 1
10470 0.00042495 1
10480 0.00092888 1
10490 0.00393632 1
10500 0.00518757 1
10510 0.00824112 1
10520 0.01612013 1
10530 0.00182296 1
10540 0.03878488 1
10550 0.00012708 1
10560 0.00032236 1
10570 0.00049285 1
10580 0.00515907 1
10590 0.00002611 1
10600 0.00008869 1
10610 0.00058075 1
10620 0.00048809 1
10630 0.00003958 1
10640 0.00009465 1
10650 0.00635630 1
10660 0.57054144 1
10670 0.02940792 1
10680 0.00018896 1
10690 0.00003624 1
10700 0.00004053 1
10710 0.00040326 1
10720 0.00053955 1
10730 0.03719648 1
10740 0.00237108 1
10750 0.00052013 1
10760 0.38004866 1
10770 0.02099906 1
10780 0.00250252 1
10790 0.00093685 1
10800 0.00137549 1
10810 0.00403102 1
10820 0.00023075 1
10830 0.00158147 1
10840 0.00094084 1
10850 0.00249978 1
10860 0.00013269 1
10870 0.00003576 1
10880 0.00026127 1
10890 0.00237470 1
10900 0.05940090 1
10910 0.00101259 1
10920 0.04294600 1
10930 0.00011766 1
10940 0.00076555 1
10950 0.00936757 1
10960 0.00692159 1
10970 0.03888509 1
10980 0.00266838 1
10990 0.01260136 1
11000 0.01103903 1
11010 0.00101479 1
11020 0.00640985 1
11030 0.00042830 1
11040 0.15917082 1
11050 0.00016308 1
11060 0.00240639 1
11070 0.00248302 1
11080 0.00586458 1
11090 0.10426445 1
11100 0.00027104 1
11110 0.00010979 1
11120 0.00009346 1
11130 0.01985423 1
11140 0.00338467 1
11150 0.00007189 1
11160 0.00052034 1
11170 0.03042706 1
11180 0.03082114 1
11190 0.02403916 1
11200 0.03649166 1
11210 0.12538090 1
11220 0.00639204 1
11230 0.00076228 1
11240 0.00027598 1
11250 0.00120170 1
11260 0.00048410 1
11270 0.00082105 1
11280 0.00034318 1
11290 0.00027491 1
11300 0.00091042 1
11310 0.00029394 1
11320 0.04223682 1
11330 0.00119463 1
11340 0.00003457 1
11350 0.00010491 1
11360 0.19132546 1
11370 0.00227414 1
11380 0.03487303 1
11390 0.05787992 1
11400 0.00061684 1
11410 0.16069727 1
11420 0.00711033 1
11430 0.00556575 1
11440 0.00105905 1
11450 0.06470844 1
11460 0.00040485 1
11470 0.00104281 1
11480 0.00388610 1
11490 0.00409021 1
11500 0.00159395 1
11510 0.00313777 1
11520 0.00025142 1
11530 0.00327144 1
11540 0.00125996 1
11550 0.27787608 1
11560 0.08402283 1
11570 0.00114110 1
11580 0.00624755 1
11590 0.00051331 1
11600 0.00730945 1
11610 0.00251756 1
11620 0.04151035 1
11630 0.01551678 1
11640 0.25560102 1
11650 0.44817007 1
11660 0.02127195 1
11670 0.00702012 1
11680 0.11603752 1
11690 0.00134987 1
11700 0.00293465 1
11710 0.01711768 1
11720 0.00052684 1
11730 0.06439226 1
11740 0.58587968 1
11750 0.00131628 1
11760 0.00436983 1
11770 0.00032601 1
11780 0.00804870 1
11790 0.00264534 1
11800 0.00123835 1
11810 0.00004017 1
11820 0.00009358 1
11830 0.00067214 1
11840 0.00066183 1
11850 0.00727027 1
11860 0.00533815 1
11870 0.00025321 1
11880 0.00167479 1
11890 0.00508637 1
11900 0.00037428 1
11910 0.00045890 1
11920 0.00094917 1
11930 0.00018084 1
11940 0.00003970 1
11950 0.11191007 1
11960 0.00107661 1
11970 0.00030531 1
11980 0.00093787 1
11990 0.00947207 1
12000 0.00238450 1
12010 0.00265769 1
12020 0.00645050 1
12030 0.05319700 1
12040 0.00106166 1
12050 0.00095026 1
12060 0.04333650 1
12070 0.00013340 1
12080 0.00002575 1
12090 0.00060563 1
12100 0.00044662 1
12110 0.00006581 1
12120 0.00651335 1
12130 0.00010193 1
12140 0.00238448 1
12150 0.00001693 1
12160 0.00003433 1
12170 0.00006044 1
12180 0.00019182 1
12190 0.00006878 1
12200 0.00054069 1
12210 0.00063913 1
12220 0.00000012 1
12230 0.00008607 1
12240 0.00016726 1
12250 0.00548798 1
12260 0.01868195 1
12270 0.00056242 1
12280 0.00006926 1
12290 0.00259081 1
12300 0.00001252 1
12310 0.00294660 1
12320 0.00005806 1
12330 0.00000668 1
12340 0.00182627 1
12350 0.00044076 1
12360 0.00005794 1
12370 0.01749876 1
12380 0.00761191 1
12390 0.00001621 1
12400 0.01844342 1
12410 0.00759347 1
12420 0.00773017 1
12430 0.00720332 1
12440 0.00656388 1
12450 0.00069892 1
12460 0.01388818 1
12470 0.00009930 1
12480 0.00056700 1
12490 0.00016618 1
12500 0.00257797 1
12510 0.00030447 1
12520 0.09690090 1
12530 0.00042906 1
12540 0.00267878 1
12550 0.00018275 1
12560 0.00018676 1
12570 0.00024815 1
12580 0.00389552 1
12590 0.00154816 1
12600 0.00001931 1
12610 0.00124279 1
12620 0.00012350 1
12630 0.00176847 1
12640 0.00061879 1
12650 0.03235877 1
12660 0.00005674 1
12670 0.00047037 1
12680 0.08857534 1
12690 0.00031241 1
12700 0.01686126 1
12710 0.00272141 1
12720 0.00482900 1
12730 0.39570525 1
12740 0.03331736 1
12750 0.00003064 1
12760 0.00248875 1
12770 0.00007463 1
12780 0.00081583 1
12790 0.00101171 1
12800 0.00024188 1
12810 0.10255199 1
12820 0.00059330 1
12830 0.00002635 1
12840 0.00010193 1
12850 0.00015438 1
12860 0.00070289 1
12870 0.02746570 1
12880 0.00961011 1
12890 0.00210980 1
12900 0.33053115 1
12910 0.00080543 1
12920 0.00060208 1
12930 0.21467778 1
12940 0.00085185 1
12950 0.00349249 1
12960 0.01585856 1
12970 0.01285018 1
12980 0.00032153 1
12990 0.01028048 1
13000 0.00086451 1
13010 0.28660604 1
13020 0.00001049 1
13030 0.00012660 1
13040 0.00477795 1
13050 0.02875852 1
13060 0.00024207 1
13070 0.00019701 1
13080 0.00031461 1
13090 0.00023699 1
13100 0.01336367 1
13110 0.05687056 1
13120 0.00567811 1
13130 0.00013471 1
13140 0.03150286 1
13150 0.00549790 1
13160 0.00028106 1
13170 0.00001144 1
13180 0.00010956 1
13190 0.00006819 1
13200 0.00003338 1
13210 0.00054888 1
13220 0.00007892 1
13230 0.00052051 1
13240 0.00266879 1
13250 0.00014532 1
13260 0.00056864 1
13270 0.00022889 1
13280 0.01478324 1
13290 0.00150167 1
13300 0.00300149 1
13310 0.00010419 1
13320 0.00016607 1
13330 0.00258463 1
13340 0.00265241 1
13350 0.00242816 1
13360 0.00096170 1
13370 0.00001311 1
13380 0.00001144 1
13390 0.00001097 1
13400 0.00016070 1
13410 0.00546573 1
13420 0.00067761 1
13430 0.00028809 1
13440 0.00006211 1
13450 0.00055111 1
13460 0.00018979 1
13470 0.00001514 1
13480 0.00326139 1
13490 0.00003016 1
13500 0.00013233 1
13510 0.00000334 1
13520 0.00001454 1
13530 0.00017060 1
13540 0.00858731 1
13550 0.00002527 1
13560 0.00000978 1
13570 0.00001884 1
13580 0.00001061 1
13590 0.00001574 1
13600 0.00001216 1
13610 0.00518855 1
13620 0.00000978 1
13630 0.00004411 1
13640 0.00006879 1
13650 0.00054364 1
13660 0.02075647 1
13670 0.00037000 1
13680 0.00003219 1
13690 0.00031004 1
13700 0.00008679 1
13710 0.00000346 1
13720 0.00001264 1
13730 0.00004828 1
13740 0.00009990 1
13750 0.02805823 1
13760 0.00028393 1
13770 0.00012243 1
13780 0.00053581 1
13790 0.00016035 1
13800 0.00025297 1
13810 0.00172504 1
13820 0.00002098 1
13830 0.00040772 1
13840 0.00616738 1
13850 0.00003302 1
13860 0.01346158 1
13870 0.00004172 1
13880 0.00006676 1
13890 0.00000799 1
13900 0.00002635 1
13910 0.00001049 1
13920 0.00000632 1
13930 0.00001490 1
13940 0.00318546 1
13950 0.00000048 1
13960 0.00001657 1
13970 0.00046996 1
13980 0.00001276 1
13990 0.00128140 1
14000 0.00003195 1
14010 0.00000882 1
14020 0.00033726 1
14030 0.00017191 1
14040 0.00022889 1
14050 0.00039074 1
14060 0.00058579 1
14070 0.00234678 1
14080 0.00096916 1
14090 0.00072546 1
14100 0.00087458 1
14110 0.00009585 1
14120 0.00208303 1
14130 0.00060194 1
14140 0.01680420 1
14150 0.00076039 1
14160 0.00000215 1
14170 0.00000060 1
14180 0.00014389 1
14190 0.00053131 1
14200 0.01266983 1
14210 0.00027903 1
14220 0.00184635 1
14230 0.00004745 1
14240 0.00020624 1
14250 0.00014473 1
14260 0.00017311 1
14270 0.00004101 1
14280 0.01557552 1
14290 0.00558377 1
14300 0.00781833 1
14310 0.15767382 1
14320 0.00076717 1
14330 0.00012601 1
14340 0.00830690 1
14350 0.04605575 1
14360 0.00945086 1
14370 0.01326805 1
14380 0.01774216 1
14390 0.00171456 1
14400 0.02514817 1
14410 0.00088395 1
14420 0.00010038 1
14430 0.04766681 1
14440 0.00045899 1
14450 0.00006402 1
14460 0.00140095 1
14470 0.00114838 1
14480 0.00066041 1
14490 0.00874061 1
14500 0.03266382 1
14510 0.00171350 1
14520 0.00035779 1
14530 0.00013268 1
14540 0.00368932 1
14550 0.00496274 1
14560 0.00177263 1
14570 0.00323268 1
14580 0.00001287 1
14590 0.00305785 1
14600 0.00009430 1
14610 0.00004232 1
14620 1.52947295 0.99
14630 0.02309356 1
14640 0.01464538 1
14650 0.00102156 1
14660 0.00307099 1
14670 0.00092625 1
14680 0.00043628 1
14690 0.00416777 1
14700 0.00165898 1
14710 0.13014662 1
14720 0.00005818 1
14730 0.01781586 1
14740 0.00004697 1
14750 0.00001502 1
14760 0.00014938 1
14770 0.00007808 1
14780 0.00057288 1
14790 0.00022265 1
14800 0.00003839 1
14810 0.00567851 1
14820 0.00544255 1
14830 0.00055564 1
14840 0.00030699 1
14850 0.00002444 1
14860 0.00004983 1
14870 0.00020893 1
14880 0.00001204 1
14890 0.00000799 1
14900 0.00021674 1
14910 0.00003433 1
14920 0.00307675 1
14930 0.00089796 1
14940 0.00022717 1
14950 0.00085760 1
14960 0.00073123 1
14970 0.00094572 1
14980 0.00136547 1
14990 0.00069588 1
15000 0.00030728 1
15010 0.00045864 1
15020 0.04368458 1
15030 0.00013042 1
15040 0.00017119 1
15050 0.00000226 1
15060 0.01233371 1
15070 0.00006163 1
15080 0.00000250 1
15090 0.00059596 1
15100 0.00091958 1
15110 0.00038347 1
15120 0.00030788 1
15130 0.00042214 1
15140 0.00008202 1
15150 0.00141538 1
15160 0.00012827 1
15170 0.00003457 1
15180 0.00059965 1
15190 0.03460340 1
15200 0.08683562 1
15210 0.00109234 1
15220 0.00315912 1
15230 0.00008559 1
15240 0.00186787 1
15250 0.00027789 1
15260 0.00051087 1
15270 0.00116136 1
15280 0.00402906 1
15290 0.00007355 1
15300 0.00698020 1
15310 0.00244421 1
15320 0.03182043 1
15330 0.53677905 1
15340 0.00136041 1
15350 0.00457938 1
15360 0.05124227 1
15370 0.00010717 1
15380 0.00018229 1
15390 0.00130620 1
15400 0.00031873 1
15410 0.01797411 1
15420 0.78184491 0.99
15430 0.00019420 1
15440 0.02962908 1
15450 0.01820651 1
15460 0.00177246 1
15470 0.00270305 1
15480 0.00029464 1
15490 0.00020672 1
15500 0.00781447 1
15510 0.00032856 1
15520 0.00008154 1
15530 0.00019361 1
15540 0.00034509 1
15550 0.00010705 1
15560 0.00146396 1
15570 0.00007236 1
15580 0.00160885 1
15590 0.00151268 1
15600 0.00005460 1
15610 0.00070143 1
15620 0.00070189 1
15630 0.00016368 1
15640 0.00043104 1
15650 0.00010527 1
15660 0.00016273 1
15670 0.00318354 1
15680 0.00264463 1
15690 0.00004482 1
15700 0.00040287 1
15710 0.02525495 1
15720 0.01639715 1
15730 0.00010777 1
15740 0.00003982 1
15750 0.00003290 1
15760 0.00002420 1
15770 0.00000310 1
15780 0.00005555 1
15790 0.00109540 1
15800 0.00000274 1
15810 0.00019468 1
15820 0.00134902 1
15830 0.00018371 1
15840 0.00004661 1
15850 0.00028357 1
15860 0.00044105 1
15870 0.00036039 1
15880 0.00132820 1
15890 0.00186180 1
15900 0.00010395 1
15910 0.00186201 1
15920 0.08952884 1
15930 0.00005162 1
15940 0.01105743 1
15950 0.00003028 1
15960 0.00002325 1
15970 0.00126846 1
15980 0.00006902 1
15990 0.00004315 1
16000 0.00092035 1
16010 0.02364284 1
16020 0.00001872 1
16030 0.00078075 1
16040 0.00015033 1
16050 0.00000966 1
16060 0.00091666 1
16070 0.00028058 1
16080 0.00018527 1
16090 0.00051382 1
16100 0.00005734 1
16110 0.00002503 1
16120 0.00011051 1
16130 0.00043038 1
16140 0.00058031 1
16150 0.00005972 1
16160 0.00002265 1
16170 0.00003994 1
16180 0.00000548 1
16190 0.00130215 1
16200 0.00001097 1
16210 0.00026617 1
16220 0.00002027 1
16230 0.00000536 1
16240 0.00036305 1
16250 0.00004017 1
16260 0.00001645 1
16270 0.00048864 1
16280 0.00012982 1
16290 0.00000155 1
16300 0.00014341 1
16310 0.00124352 1
16320 0.00015629 1
16330 0.00000727 1
16340 0.00000072 1
16350 0.00001729 1
16360 0.00478445 1
16370 0.00000739 1
16380 0.00021125 1
16390 0.00545681 1
16400 -0.00000000 1
16410 0.00024351 1
16420 0.00030849 1
16430 0.00164111 1
16440 0.01205009 1
16450 0.00178943 1
16460 0.00752590 1
16470 0.00023289 1
16480 0.00003898 1
16490 0.00007188 1
16500 0.00000608 1
16510 0.00017072 1
16520 0.01979856 1
16530 0.00001252 1
16540 0.00010837 1
16550 0.00916241 1
16560 0.00023099 1
16570 0.00002515 1
16580 0.00017858 1
16590 0.00029358 1
16600 0.00139178 1
16610 0.00006509 1
16620 0.00387256 1
16630 0.00202584 1
16640 0.00007475 1
16650 0.00009418 1
16660 0.00003922 1
16670 0.00118999 1
16680 0.00017107 1
16690 0.00054621 1
16700 0.00011826 1
16710 0.00007725 1
16720 0.00000870 1
16730 0.00073680 1
16740 0.00008750 1
16750 0.00011683 1
16760 0.00005269 1
16770 0.00016166 1
16780 0.00785579 1
16790 0.19383211 1
16800 0.01430158 1
16810 0.00009155 1
16820 0.00006950 1
16830 0.00617480 1
16840 0.00731044 1
16850 0.00004780 1
16860 0.00007749 1
16870 0.00010372 1
16880 0.00042824 1
16890 0.00021161 1
16900 0.00419198 1
16910 0.00060110 1
16920 0.00000894 1
16930 0.00139166 1
16940 0.00049828 1
16950 0.00010062 1
16960 0.02943922 1
16970 0.00019241 1
16980 0.00042848 1
16990 0.00234890 1
17000 0.00002217 1
17010 0.00390306 1
17020 0.00055988 1
17030 0.00079379 1
17040 0.00119903 1
17050 0.00397893 1
17060 0.00000608 1
17070 0.00042989 1
17080 0.00024626 1
17090 0.00001013 1
17100 0.00000048 1
17110 0.00024971 1
17120 0.00001585 1
17130 0.00427231 1
17140 0.00007654 1
17150 0.00030055 1
17160 -0.00000000 1
17170 0.00016643 1
17180 0.00001407 1
17190 0.00232877 1
17200 0.00000298 1
17210 0.00789970 1
17220 0.00008405 1
17230 0.00009227 1
17240 0.00002623 1
17250 0.45116353 1
17260 0.00000298 1
17270 0.00000203 1
17280 0.00002456 1
17290 0.00830179 1
17300 0.00007701 1
17310 0.00320144 1
17320 0.00042608 1
17330 0.00001967 1
17340 0.00066942 1
17350 0.00096755 1
17360 0.00000930 1
17370 0.00042103 1
17380 0.00011230 1
17390 0.00136433 1
17400 0.00000334 1
17410 0.00000107 1
17420 0.00005210 1
17430 0.00000536 1
17440 0.00090127 1
17450 0.00120559 1
17460 0.00183425 1
17470 0.00005245 1
17480 0.00208930 1
17490 0.00029214 1
17500 0.00097582 1
17510 0.00044559 1
17520 0.00651375 1
17530 0.00080225 1
17540 0.00018729 1
17550 0.00000525 1
17560 0.00011027 1
17570 0.00002193 1
17580 0.00374311 1
17590 0.00001884 1
17600 0.00113083 1
17610 0.00129399 1
17620 0.00060744 1
17630 0.00210689 1
17640 0.00050104 1
17650 0.00003946 1
17660 0.00003982 1
17670 0.00019885 1
17680 0.01245653 1
17690 0.00008249 1
17700 0.00002003 1
17710 0.00009787 1
17720 0.00000632 1
17730 0.17615636 1
17740 0.00116433 1
17750 0.00152761 1
17760 0.00001943 1
17770 0.00218073 1
17780 0.00033375 1
17790 0.00247352 1
17800 0.00028945 1
17810 0.00011635 1
17820 0.00000083 1
17830 0.00003004 1
17840 0.00000298 1
17850 0.00028405 1
17860 0.00062086 1
17870 0.00061565 1
17880 0.00019825 1
17890 0.00000036 1
17900 0.00160397 1
17910 0.00048386 1
17920 0.00031623 1
17930 0.00099408 1
17940 0.07831441 1
17950 0.00010300 1
17960 0.00010884 1
17970 0.01012472 1
17980 0.12136024 1
17990 0.00014091 1
18000 0.00020171 1
18010 0.00007451 1
18020 0.00180309 1
18030 0.00030790 1
18040 0.00025440 1
18050 0.00054897 1
18060 0.00005055 1
18070 0.00004804 1
18080 0.00001109 1
18090 0.00073575 1
18100 0.00009811 1
18110 0.00008774 1
18120 0.00003910 1
18130 0.00001061 1
18140 0.00057444 1
18150 0.00023218 1
18160 0.00035483 1
18170 0.00008953 1
18180 0.00009453 1
18190 0.00000370 1
18200 0.00002205 1
18210 0.00010181 1
18220 0.00471682 1
18230 0.00028761 1
18240 0.00078890 1
18250 0.00042119 1
18260 0.00002313 1
18270 0.00000215 1
18280 0.00040776 1
18290 0.00062479 1
18300 0.00001025 1
18310 0.00049221 1
18320 0.00015832 1
18330 0.00004697 1
18340 0.00660339 1
18350 0.00020708 1
18360 0.00076786 1
18370 0.00596629 1
18380 0.00003648 1
18390 0.00021108 1
18400 0.00000203 1
18410 0.00316624 1
18420 0.00000679 1
18430 0.00057086 1
18440 0.00001311 1
18450 0.00001049 1
18460 0.00064388 1
18470 0.00022854 1
18480 0.00000727 1
18490 0.00000346 1
18500 0.00007010 1
18510 0.00000727 1
18520 0.00024362 1
18530 0.00000226 1
18540 0.00010992 1
18550 0.00030913 1
18560 0.00007200 1
18570 0.00511428 1
18580 0.00005388 1
18590 0.00005138 1
18600 0.00000346 1
18610 0.00001681 1
18620 0.00002158 1
18630 0.00000203 1
18640 0.00000107 1
18650 0.00006604 1
18660 0.00131489 1
18670 0.06285708 1
18680 0.00043278 1
18690 0.00980771 1
18700 0.00034219 1
18710 0.00000668 1
18720 0.00003350 1
18730 0.00000274 1
18740 0.00048105 1
18750 0.00025198 1
18760 0.00002444 1
18770 0.00001466 1
18780 0.00050112 1
18790 0.00203294 1
18800 0.00499260 1
18810 0.00100017 1
18820 0.00394901 1
18830 0.00433181 1
18840 0.00400227 1
18850 0.12902701 1
18860 0.00254194 1
18870 0.01422013 1
18880 0.04840217 1
18890 0.00107696 1
18900 0.00311099 1
18910 0.00015450 1
18920 0.00171117 1
18930 0.00373501 1
18940 0.01650175 1
18950 0.00009346 1
18960 0.00000048 1
18970 0.00040998 1
18980 0.00004482 1
18990 0.00005138 1
19000 0.00001287 1
19010 0.00394890 1
19020 0.00128184 1
19030 0.00000036 1
19040 0.00011206 1
19050 0.00301024 1
19060 0.00000060 1
19070 0.00000918 1
19080 5.70883512 0.99
19090 0.00111084 1
19100 0.16373049 1
19110 0.00025405 1
19120 0.00018622 1
19130 0.00128721 1
19140 0.00029407 1
19150 0.00021418 1
19160 0.00063765 1
19170 0.03744103 1
19180 0.00022722 1
19190 0.00070989 1
19200 0.01346471 1
19210 0.00043495 1
19220 0.00010431 1
19230 0.00635746 1
19240 0.03062255 1
19250 0.00589866 1
19260 0.00015879 1
19270 0.00078085 1
19280 0.00010515 1
19290 0.00307131 1
19300 0.00068386 1
19310 0.00038610 1
19320 0.00017513 1
19330 0.00085858 1
19340 0.00003135 1
19350 0.00000441 1
19360 0.00167845 1
19370 0.00017191 1
19380 0.00039104 1
19390 0.00487751 1
19400 0.00902882 1
19410 0.00047743 1
19420 0.00006676 1
19430 0.01219047 1
19440 0.00033364 1
19450 0.00001311 1
19460 0.00004292 1
19470 0.00000298 1
19480 0.00000072 1
19490 0.00091427 1
19500 0.00015606 1
19510 0.00000906 1
19520 0.00163925 1
19530 0.00001168 1
19540 0.00000083 1
19550 0.00009346 1
19560 0.00001383 1
19570 0.00001216 1
19580 0.00048160 1
19590 0.00000024 1
19600 0.00000942 1
19610 0.00024355 1
19620 0.00027276 1
19630 0.00002873 1
19640 0.00551523 1
19650 0.00169944 1
19660 0.00063838 1
19670 0.00010419 1
19680 0.00032954 1
19690 0.00337138 1
19700 0.00001943 1
19710 0.00398017 1
19720 0.00000429 1
19730 0.00512783 1
19740 0.08264431 1
19750 0.00017120 1
19760 0.00022365 1
19770 0.00028906 1
19780 0.00003111 1
19790 0.00066637 1
19800 0.00000036 1
19810 0.00000453 1
19820 0.00007260 1
19830 0.00012470 1
19840 0.00000346 1
19850 0.00001144 1
19860 0.00000024 1
19870 0.00011361 1
19880 0.00000381 1
19890 0.00548400 1
19900 0.00000620 1
19910 0.00000024 1
19920 -0.00000000 1
19930 -0.00000000 1
19940 0.00000095 1
19950 0.00000274 1
19960 0.00000072 1
19970 0.00000656 1
19980 0.05454771 1
19990 0.00002468 1
20000 0.00006735 1
20010 0.00007737 1
20020 0.00001848 1
20030 0.00002778 1
20040 0.00000024 1
20050 0.00014997 1
20060 0.00154359 1
20070 0.00000441 1
20080 0.00000048 1
20090 0.00001061 1
20100 0.00011969 1
20110 0.00041058 1
20120 0.00001454 1
20130 0.00023290 1
20140 0.00011731 1
20150 0.00006402 1
20160 0.00005627 1
20170 0.00008082 1
20180 0.00000823 1
20190 0.00034720 1
20200 0.00000167 1
20210 0.00028561 1
20220 0.00002086 1
20230 0.00001311 1
20240 0.00012661 1
20250 0.00003254 1
20260 0.00039909 1
20270 0.00012458 1
20280 0.00637217 1
20290 0.00000083 1
20300 0.00000072 1
20310 0.00000238 1
20320 0.00051379 1
20330 0.00016226 1
20340 0.00020202 1
20350 0.00006569 1
20360 0.00573129 1
20370 0.00058494 1
20380 0.00000453 1
20390 0.00000072 1
20400 -0.00000000 1
20410 0.00000024 1
20420 -0.00000000 1
20430 -0.00000000 1
20440 0.00004137 1
20450 0.01851165 1
20460 0.00002658 1
20470 0.00008178 1
20480 0.00003159 1
20490 0.00086923 1
20500 0.00000048 1
20510 0.00010777 1
20520 0.00000095 1
20530 0.00000775 1
20540 0.01134595 1
20550 0.08951118 1
20560 0.00108154 1
20570 0.00005496 1
20580 0.00007522 1
20590 0.00007856 1
20600 0.00005257 1
20610 0.00003016 1
20620 0.00001192 1
20630 0.00169146 1
20640 0.00063450 1
20650 0.00012697 1
20660 0.00063988 1
20670 0.00003982 1
20680 0.00005222 1
20690 0.00000274 1
20700 -0.00000000 1
20710 0.00016154 1
20720 0.00006008 1
20730 0.00038536 1
20740 0.00000072 1
20750 0.00000024 1
20760 0.00057838 1
20770 0.16340099 1
20780 0.00014056 1
20790 -0.00000000 1
20800 0.00001955 1
20810 0.00001013 1
20820 0.00002515 1
20830 1.38278985 0.99
20840 0.00054657 1
20850 0.02048188 1
20860 0.00799431 1
20870 0.00000882 1
20880 0.00000060 1
20890 0.00008917 1
20900 0.01037198 1
20910 0.00757930 1
20920 0.00002253 1
20930 0.00152318 1
20940 0.00001252 1
20950 0.00142725 1
20960 0.00004458 1
20970 0.00000370 1
20980 0.00005698 1
20990 0.00005937 1
21000 0.00000346 1
21010 0.00567029 1
21020 0.00000823 1
21030 0.00003648 1
21040 0.00001109 1
21050 0.00027706 1
21060 0.00337173 1
21070 0.00001073 1
21080 0.00043025 1
21090 0.00000143 1
21100 0.00042585 1
21110 0.00112415 1
21120 0.00245700 1
21130 0.00005078 1
21140 1.62236428 0.99
21150 0.00270424 1
21160 0.00033770 1
21170 0.00083518 1
21180 0.00004041 1
21190 0.00000143 1
21200 0.00021370 1
21210 0.00120214 1
21220 0.00083879 1
21230 0.00012529 1
21240 0.00034624 1
21250 0.00008416 1
21260 0.00053450 1
21270 0.00040371 1
21280 0.00002086 1
21290 0.00000954 1
21300 0.00001979 1
21310 0.00001502 1
21320 0.00025733 1
21330 0.00003719 1
21340 0.00025723 1
21350 0.00249513 1
21360 0.00000823 1
21370 0.00272009 1
21380 0.00001621 1
21390 0.00001693 1
21400 0.00076411 1
21410 0.00000119 1
21420 0.00000298 1
21430 0.00005317 1
21440 0.00089405 1
21450 0.00000036 1
21460 0.00914920 1
21470 0.00000036 1
21480 0.00000024 1
21490 0.00002253 1
21500 0.00000536 1
21510 0.00046804 1
21520 0.00000024 1
21530 0.00003588 1
21540 0.00000238 1
21550 0.00077625 1
21560 2.42636061 0.99
21570 0.00000179 1
21580 0.00135920 1
21590 0.00816174 1
21600 0.00005603 1
21610 0.00005674 1
21620 0.00081320 1
21630 0.00005663 1
21640 0.00001192 1
21650 0.00012554 1
21660 0.00005210 1
21670 0.00000405 1
21680 0.00045161 1
21690 0.00006700 1
21700 0.00034498 1
21710 0.00009191 1
21720 0.00026199 1
21730 0.00005114 1
21740 0.00020417 1
21750 0.00005722 1
21760 0.00000072 1
21770 0.00008500 1
21780 0.00000894 1
21790 0.00000596 1
21800 -0.00000000 1
21810 0.00008893 1
21820 0.00000012 1
21830 0.00000679 1
21840 0.00005412 1
21850 0.00000298 1
21860 0.00000751 1
21870 0.00000036 1
21880 0.00000012 1
21890 0.00000012 1
21900 0.00000048 1
21910 -0.00000000 1
21920 0.00001466 1
21930 0.00001144 1
21940 0.00006652 1
21950 0.00214968 1
21960 0.00000370 1
21970 0.00001800 1
21980 0.00002003 1
21990 0.00017155 1
22000 0.00000262 1
22010 0.00338023 1
22020 0.00060478 1
22030 0.00001824 1
22040 0.00004089 1
22050 0.00002718 1
22060 0.00006759 1
22070 0.00217762 1
22080 0.00000083 1
22090 0.00000012 1
22100 0.00009668 1
22110 0.00023362 1
22120 0.00002420 1
22130 0.00000477 1
22140 0.00001538 1
22150 0.00000703 1
22160 0.00001800 1
22170 0.00006438 1
22180 0.00000930 1
22190 0.00000501 1
22200 0.00005281 1
22210 0.00000489 1
22220 0.00005019 1
22230 0.00000060 1
22240 0.00046550 1
22250 0.00001895 1
22260 0.00000417 1
22270 0.00000525 1
22280 0.00000083 1
22290 0.00000799 1
22300 0.00002158 1
22310 0.00055054 1
22320 0.00973932 1
22330 0.00088038 1
22340 0.00512369 1
22350 0.00015486 1
22360 0.00032084 1
22370 0.00019415 1
22380 0.00074883 1
22390 0.01463866 1
22400 0.00006342 1
22410 0.00021585 1
22420 0.00002706 1
22430 0.00044147 1
22440 0.00020452 1
22450 0.00001645 1
22460 0.00343596 1
22470 0.00007785 1
22480 0.00156468 1
22490 0.00000286 1
22500 0.00016190 1
22510 0.00031957 1
22520 0.00003099 1
22530 0.00374204 1
22540 0.00000286 1
22550 0.00003922 1
22560 0.00001144 1
22570 0.00002694 1
22580 0.00043994 1
22590 0.00001717 1
22600 0.00011218 1
22610 0.00003076 1
22620 0.00001812 1
22630 0.00353425 1
22640 0.00000012 1
22650 0.01724789 1
22660 0.00158458 1
22670 0.00002730 1
22680 0.00001264 1
22690 0.00089645 1
22700 0.00014663 1
22710 0.00003576 1
22720 0.00003612 1
22730 0.00000608 1
22740 0.00062830 1
22750 0.00010968 1
22760 0.00000131 1
22770 0.00126856 1
22780 0.00000799 1
22790 0.00017179 1
22800 0.00109277 1
22810 0.00003076 1
22820 0.05696352 1
22830 0.00043641 1
22840 0.00007272 1
22850 0.00065709 1
22860 0.00000679 1
22870 0.00050652 1
22880 0.00108634 1
22890 0.00020965 1
22900 0.00971437 1
22910 0.00106582 1
22920 0.00968130 1
22930 0.00003624 1
22940 0.28985322 1
22950 0.00022812 1
22960 0.02817276 1
22970 0.00003958 1
22980 0.04444516 1
22990 0.00008464 1
23000 0.00063863 1
23010 0.00024034 1
23020 0.00001001 1
23030 0.00314997 1
23040 0.00015390 1
23050 0.00001717 1
23060 0.00000751 1
23070 0.00000060 1
23080 0.00000858 1
23090 0.00002682 1
23100 0.00239408 1
23110 0.00000393 1
23120 0.01627936 1
23130 0.03108071 1
23140 0.00001836 1
23150 0.00002527 1
23160 0.00416973 1
23170 0.00000429 1
23180 0.00621154 1
23190 0.00012434 1
23200 0.00687120 1
23210 0.00022586 1
23220 0.00047408 1
23230 0.00118915 1
23240 0.00000679 1
23250 0.00128947 1
23260 0.00002825 1
23270 0.00022353 1
23280 0.00008786 1
23290 0.00217922 1
23300 0.00114801 1
23310 0.00073814 1
23320 0.00031373 1
23330 0.00092249 1
23340 0.00055167 1
23350 0.00000942 1
23360 0.00254845 1
23370 0.00001144 1
23380 0.00033055 1
23390 0.00112114 1
23400 0.00054780 1
23410 0.00360331 1
23420 0.00002038 1
23430 0.00000262 1
23440 0.00400632 1
23450 0.00031100 1
23460 0.00506465 1
23470 0.03916210 1
23480 0.00002885 1
23490 0.00149619 1
23500 0.00019105 1
23510 0.00006402 1
23520 0.00040796 1
23530 0.00006163 1
23540 0.00000632 1
23550 0.00006521 1
23560 0.00000954 1
23570 0.00007725 1
23580 0.00002480 1
23590 0.00001264 1
23600 0.00000322 1
23610 0.00000429 1
23620 0.00000298 1
23630 0.00050224 1
23640 0.00095241 1
23650 0.00002170 1
23660 0.00083167 1
23670 0.00001085 1
23680 0.00156858 1
23690 0.00015462 1
23700 0.00020941 1
23710 0.00002348 1
23720 0.00008548 1
23730 -0.00000000 1
23740 0.00176886 1
23750 0.00005365 1
23760 0.00001681 1
23770 0.00003827 1
23780 -0.00000000 1
23790 0.00063028 1
23800 0.00000250 1
23810 0.00000226 1
23820 0.00016976 1
23830 0.00131214 1
23840 0.00001442 1
23850 0.00001061 1
23860 0.00371942 1
23870 0.00000560 1
23880 0.00000048 1
23890 0.00001299 1
23900 0.00001299 1
23910 0.00026653 1
23920 0.00000036 1
23930 0.00033050 1
23940 0.00024809 1
23950 0.00000107 1
23960 0.00000548 1
23970 0.00024173 1
23980 0.00003636 1
23990 0.00000131 1
24000 0.00002098 1
24010 0.00018991 1
24020 0.00000024 1
24030 0.00013280 1
24040 0.00002945 1
24050 0.00002921 1
24060 0.00037844 1
24070 0.00004983 1
24080 0.00000238 1
24090 0.00007415 1
24100 0.00005508 1
24110 0.00000215 1
24120 0.00017334 1
24130 0.00026663 1
24140 0.00003135 1
24150 0.00211718 1
24160 0.00000882 1
24170 0.00008118 1
24180 0.00000083 1
24190 0.00000775 1
24200 0.00028119 1
24210 0.00013578 1
24220 0.00037630 1
24230 0.00000024 1
24240 0.00017436 1
24250 0.00000024 1
24260 0.00005245 1
24270 0.00000465 1
24280 0.00003374 1
24290 0.00001097 1
24300 0.00001073 1
24310 -0.00000000 1
24320 0.00066010 1
24330 0.00020667 1
24340 0.00000215 1
24350 0.00003958 1
24360 0.00002611 1
24370 0.00000012 1
24380 0.01249155 1
24390 0.00001502 1
24400 0.00001240 1
24410 0.00001943 1
24420 0.02335491 1
24430 0.00000048 1
24440 0.00000811 1
24450 0.00293570 1
24460 0.00000370 1
24470 0.00142165 1
24480 0.00040999 1
24490 0.00060791 1
24500 0.00101861 1
24510 0.00099750 1
24520 0.00895071 1
24530 0.00033532 1
24540 0.01177264 1
24550 0.06387423 1
24560 0.00284388 1
24570 0.00018920 1
24580 0.00723470 1
24590 0.00548740 1
24600 0.00143679 1
24610 0.00644949 1
24620 0.00002909 1
24630 0.00189409 1
24640 2.13728189 0.99
24650 0.00000548 1
24660 0.00193379 1
24670 0.00000429 1
24680 0.00000179 1
24690 0.00005758 1
24700 0.00212232 1
24710 0.01392954 1
24720 0.00031369 1
24730 0.00098956 1
24740 0.00000787 1
24750 0.00003922 1
24760 0.00012792 1
24770 0.00052351 1
24780 0.00164903 1
24790 0.71229064 0.99
24800 0.00118140 1
24810 0.00000417 1
24820 0.00007999 1
24830 0.00002766 1
24840 0.00122519 1
24850 0.00028644 1
24860 0.00036652 1
24870 0.00000560 1
24880 0.00036916 1
24890 0.00796540 1
24900 0.01488023 1
24910 0.00009537 1
24920 0.00000560 1
24930 0.00011767 1
24940 0.00002825 1
24950 0.00012136 1
24960 0.00016380 1
24970 0.00284528 1
24980 0.00982454 1
24990 0.00726268 1
25000 0.00000882 1
25010 0.00002360 1
25020 0.00137555 1
25030 0.00019415 1
25040 0.00002730 1
25050 0.00000882 1
25060 0.00019499 1
25070 0.00005198 1
25080 0.00024928 1
25090 0.00009108 1
25100 0.00140472 1
25110 0.17303012 1
25120 0.00070174 1
25130 0.00109891 1
25140 0.00005913 1
25150 0.00014377 1
25160 0.00011993 1
25170 0.00523578 1
25180 0.00009728 1
25190 0.00138319 1
25200 0.00024565 1
25210 0.00002205 1
25220 0.00003064 1
25230 0.00000143 1
25240 0.00005758 1
25250 0.00000167 1
25260 0.00000978 1
25270 0.00000393 1
25280 0.00024089 1
25290 0.00006020 1
25300 0.00000393 1
25310 0.00000584 1
25320 0.00017799 1
25330 0.00000548 1
25340 0.00004160 1
25350 0.00006449 1
25360 0.00000536 1
25370 0.00000036 1
25380 0.00009537 1
25390 0.00001621 1
25400 0.00002945 1
25410 0.00012780 1
25420 0.00005043 1
25430 0.00030558 1
25440 0.00107744 1
25450 0.00002503 1
25460 0.00003397 1
25470 0.00020470 1
25480 0.00035712 1
25490 0.00021781 1
25500 0.00099944 1
25510 0.00001919 1
25520 0.00000823 1
25530 0.00102882 1
25540 0.00001490 1
25550 0.00338586 1
25560 0.00000298 1
25570 0.00087347 1
25580 0.00011087 1
25590 0.00014902 1
25600 0.02237569 1
25610 0.00049595 1
25620 0.01824434 1
25630 0.00000525 1
25640 0.00000167 1
25650 0.00000179 1
25660 0.00233209 1
25670 0.00002754 1
25680 0.00026450 1
25690 0.00003541 1
25700 0.00000179 1
25710 0.00001252 1
25720 0.00000393 1
25730 0.00057410 1
25740 0.00009287 1
25750 0.00001609 1
25760 0.00000107 1
25770 0.00001156 1
25780 0.00004244 1
25790 0.00006700 1
25800 0.00007045 1
25810 0.00000215 1
25820 0.00000560 1
25830 0.00000942 1
25840 0.00000596 1
25850 0.00031970 1
25860 0.00512825 1
25870 0.00000417 1
25880 0.00085750 1
25890 0.00005007 1
25900 0.00000048 1
25910 -0.00000000 1
25920 0.00008905 1
25930 0.00000274 1
25940 0.00000644 1
25950 0.00198130 1
25960 0.00002205 1
25970 0.00000191 1
25980 0.00009108 1
25990 0.00064769 1
26000 0.00001013 1
26010 0.00000167 1
26020 0.00005257 1
26030 0.00002098 1
26040 0.00005889 1
26050 0.02739298 1
26060 0.00012172 1
26070 0.00020392 1
26080 0.00736736 1
26090 0.00375380 1
26100 0.00266435 1
26110 0.00010562 1
26120 0.03382568 1
26130 0.00004339 1
26140 0.00022086 1
26150 0.00048943 1
26160 0.02070667 1
26170 0.00918359 1
26180 0.01410678 1
26190 0.00001693 1
26200 0.00007570 1
26210 0.00051959 1
26220 0.00006151 1
26230 0.00034831 1
26240 0.00042000 1
26250 0.00047135 1
26260 0.00241115 1
26270 0.00012088 1
26280 0.00492256 1
26290 0.00030430 1
26300 0.00010264 1
26310 0.00008405 1
26320 0.00003088 1
26330 0.00088570 1
26340 0.00049365 1
26350 0.00000715 1
26360 0.00002694 1
26370 0.00035399 1
26380 14.98774815 0.99
26390 0.00002337 1
26400 0.00000179 1
26410 0.07669105 1
26420 0.00000036 1
26430 0.00586660 1
26440 0.00134475 1
26450 0.00033157 1
26460 0.00102707 1
26470 0.00000072 1
26480 0.00006354 1
26490 0.00005186 1
26500 0.00034412 1
26510 0.00069394 1
26520 0.00000477 1
26530 -0.00000000 1
26540 0.00000012 1
26550 -0.00000000 1
26560 0.00021585 1
26570 0.00000095 1
26580 0.00011242 1
26590 0.00000548 1
26600 0.00007308 1
26610 0.00000036 1
26620 0.00001752 1
26630 0.00000191 1
26640 0.00001502 1
26650 0.00438991 1
26660 -0.00000000 1
26670 0.00000679 1
26680 0.00067572 1
26690 0.00000286 1
26700 -0.00000000 1
26710 0.00000072 1
26720 -0.00000000 1
26730 -0.00000000 1
26740 0.00000632 1
26750 0.00000632 1
26760 0.00011004 1
26770 0.00012422 1
26780 0.00000107 1
26790 0.00000155 1
26800 0.00017155 1
26810 0.00000072 1
26820 0.00003874 1
26830 0.00003290 1
26840 0.00022277 1
26850 0.00000155 1
26860 0.00000024 1
26870 0.00000012 1
26880 0.00064972 1
26890 0.00736251 1
26900 0.00000012 1
26910 0.00031410 1
26920 0.00000024 1
26930 -0.00000000 1
26940 0.00000072 1
26950 -0.00000000 1
26960 0.00000846 1
26970 0.00000930 1
26980 0.00000072 1
26990 0.00000274 1
27000 -0.00000000 1
27010 0.00002527 1
27020 0.00076704 1
27030 0.00003433 1
27040 0.00036733 1
27050 0.00128501 1
27060 0.00002933 1
27070 0.00000823 1
27080 0.00005531 1
27090 0.00000405 1
27100 0.00000381 1
27110 0.01311194 1
27120 0.08048384 1
27130 0.01354831 1
27140 0.00000179 1
27150 0.00097037 1
27160 0.00023326 1
27170 -0.00000000 1
27180 0.00019987 1
27190 0.00000525 1
27200 0.00040593 1
27210 0.00016810 1
27220 0.00000691 1
27230 0.00074371 1
27240 0.00003958 1
27250 0.00003696 1
27260 0.00123901 1
27270 0.00001359 1
27280 0.00001431 1
27290 0.00001681 1
27300 0.00146432 1
27310 0.00005567 1
27320 0.00009656 1
27330 0.00000226 1
27340 0.00005078 1
27350 0.00000024 1
27360 0.00006354 1
27370 0.00001609 1
27380 0.00029466 1
27390 0.00080694 1
27400 0.00000155 1
27410 0.00000024 1
27420 0.00000870 1
27430 0.00002575 1
27440 0.00073024 1
27450 0.00000405 1
27460 0.00002396 1
27470 0.00000370 1
27480 0.00000072 1
27490 0.00000298 1
27500 0.00047570 1
27510 0.00000131 1
27520 0.00000715 1
27530 0.00026069 1
27540 0.00032299 1
27550 -0.00000000 1
27560 0.00000024 1
27570 0.00001490 1
27580 0.00003111 1
27590 0.00000012 1
27600 0.01693664 1
27610 0.00000024 1
27620 0.00003088 1
27630 0.00004935 1
27640 0.00000060 1
27650 0.00000036 1
27660 0.00008631 1
27670 0.00004768 1
27680 0.00002587 1
27690 -0.00000000 1
27700 0.00000834 1
27710 0.00004995 1
27720 0.00001550 1
27730 0.00000024 1
27740 0.00005329 1
27750 -0.00000000 1
27760 0.00000012 1
27770 0.00004077 1
27780 0.00034589 1
27790 0.00046112 1
27800 0.00019475 1
27810 -0.00000000 1
27820 0.00000334 1
27830 0.00010753 1
27840 0.00029753 1
27850 0.00001323 1
27860 0.00000191 1
27870 0.00336641 1
27880 -0.00000000 1
27890 0.00002968 1
27900 0.00001037 1
27910 0.00009835 1
27920 0.00358544 1
27930 0.00000012 1
27940 0.00002515 1
27950 0.00231853 1
27960 0.00034436 1
27970 0.01541289 1
27980 0.00000012 1
27990 0.00100341 1
28000 0.00005293 1
28010 0.00000739 1
28020 0.00000048 1
28030 0.00005484 1
28040 0.00019122 1
28050 0.00002778 1
28060 0.00002253 1
28070 0.00000501 1
28080 0.01804204 1
28090 0.00000024 1
28100 0.00004518 1
28110 0.00000060 1
28120 0.00131075 1
28130 0.00006831 1
28140 0.00096322 1
28150 0.00297689 1
28160 0.00002110 1
28170 0.00000095 1
28180 0.00000441 1
28190 0.00000298 1
28200 0.00003111 1
28210 0.00308522 1
28220 -0.00000000 1
28230 0.00178072 1
28240 0.00004530 1
28250 0.00200411 1
28260 0.00003672 1
28270 0.00005710 1
28280 0.00019975 1
28290 0.00000405 1
28300 0.00000894 1
28310 0.00004768 1
28320 0.00022110 1
28330 0.00032077 1
28340 0.00001109 1
28350 0.00030880 1
28360 0.00000203 1
28370 0.00004602 1
28380 0.00009764 1
28390 0.00003481 1
28400 0.00100476 1
28410 0.00016154 1
28420 0.00000775 1
28430 0.05419657 1
28440 0.00001383 1
28450 0.00007606 1
28460 0.00002468 1
28470 0.00000489 1
28480 0.00000179 1
28490 0.00051934 1
28500 0.00012625 1
28510 0.00000525 1
28520 0.00003827 1
28530 0.00001895 1
28540 0.00000656 1
28550 0.00011767 1
28560 0.00004077 1
28570 0.00001419 1
28580 0.00000346 1
28590 0.00000119 1
28600 0.00057183 1
28610 0.00083596 1
28620 0.00000012 1
28630 0.00001049 1
28640 -0.00000000 1
28650 0.00004196 1
28660 0.00007093 1
28670 0.00004232 1
28680 0.00129568 1
28690 0.00001574 1
28700 -0.00000000 1
28710 0.00003839 1
28720 0.00000095 1
28730 0.00000131 1
28740 0.00035260 1
28750 0.00015379 1
28760 0.00027618 1
28770 0.00000954 1
28780 0.00000012 1
28790 0.00377276 1
28800 0.00045328 1
28810 0.00000012 1
28820 0.00006425 1
28830 -0.00000000 1
28840 -0.00000000 1
28850 0.00000167 1
28860 0.00000024 1
28870 -0.00000000 1
28880 0.00000012 1
28890 -0.00000000 1
28900 0.00000083 1
28910 0.00000024 1
28920 0.00002277 1
28930 -0.00000000 1
28940 0.00000036 1
28950 0.00000072 1
28960 -0.00000000 1
28970 -0.00000000 1
28980 0.00000107 1
28990 0.00001156 1
29000 0.00000501 1
29010 0.00008941 1
29020 0.00032263 1
29030 0.00063981 1
29040 0.00055566 1
29050 0.00026366 1
29060 0.00002325 1
29070 -0.00000000 1
29080 0.00000072 1
29090 0.00031762 1
29100 0.00000048 1
29110 0.00019022 1
29120 0.00000131 1
29130 0.00000262 1
29140 0.00046423 1
29150 0.00000453 1
29160 0.00027463 1
29170 0.00196224 1
29180 0.00476714 1
29190 0.00000751 1
29200 0.00085605 1
29210 0.00006724 1
29220 3.31654072 0.99
29230 0.00018085 1
29240 0.02336566 1
29250 0.01853216 1
29260 0.11069890 1
29270 0.00005376 1
29280 0.00450083 1
29290 0.00029196 1
29300 0.00055477 1
29310 0.00125815 1
29320 0.00000048 1
29330 0.00019809 1
29340 0.00000513 1
29350 0.00000012 1
